algo,candidate_id,seed,best_final,auc_best,auc_best_norm,runtime_sec,evals_total,budget_triggered,stop_reason,cxpb,mutpb,mutation_rate,parents_rate,sel_mutation,tail_mutation,c1,c2,w,error
pso,100,101,7262.35,716377.9749999997,7236.1411616161595,2862.3593921661377,-1,False,None,,,,,,,1.3650075372208974,2.2,0.45916374395425924,
pso,100,202,7277.7,708917.7999999988,7160.785858585846,2957.3761456012726,-1,False,None,,,,,,,1.3650075372208974,2.2,0.45916374395425924,
pso,100,303,7251.3,710549.6250000014,7177.268939393954,2789.296439886093,-1,False,None,,,,,,,1.3650075372208974,2.2,0.45916374395425924,
pso,100,404,7186.9,708553.2750000008,7157.1037878787965,2703.195879459381,-1,False,None,,,,,,,1.3650075372208974,2.2,0.45916374395425924,
pso,100,505,7262.3,706020.1749999992,7131.516919191911,2898.8421671390533,-1,False,None,,,,,,,1.3650075372208974,2.2,0.45916374395425924,
pso,100,606,7184.8,708280.3500000014,7154.346969696983,2768.6605620384216,-1,False,None,,,,,,,1.3650075372208974,2.2,0.45916374395425924,
pso,10,101,7331.7,716596.4999999983,7238.348484848467,3482.459751367569,-1,False,None,,,,,,,1.9756197612918602,1.539919077839151,0.7165497840622101,
pso,10,202,7314.85,719784.8749999998,7270.554292929291,3233.1085772514343,-1,False,None,,,,,,,1.9756197612918602,1.539919077839151,0.7165497840622101,
pso,10,303,7354.55,719122.650000001,7263.865151515161,3164.340250968933,-1,False,None,,,,,,,1.9756197612918602,1.539919077839151,0.7165497840622101,
pso,10,404,7291.5,718008.7749999996,7252.6138888888845,3540.72119307518,-1,False,None,,,,,,,1.9756197612918602,1.539919077839151,0.7165497840622101,
pso,10,505,7281.65,714641.250000001,7218.598484848495,3435.81942653656,-1,False,None,,,,,,,1.9756197612918602,1.539919077839151,0.7165497840622101,
pso,10,606,7322.2,713320.5999999988,7205.2585858585735,3333.359662294388,-1,False,None,,,,,,,1.9756197612918602,1.539919077839151,0.7165497840622101,
pso,11,101,7196.5,706007.3499999996,7131.38737373737,3215.9069406986237,-1,False,None,,,,,,,1.2594493422764936,1.0712660960480356,0.6330848499765039,
pso,11,202,7272.7,713613.8499999995,7208.220707070702,3290.0331737995148,-1,False,None,,,,,,,1.2594493422764936,1.0712660960480356,0.6330848499765039,
pso,11,303,7301.2,708619.9749999985,7157.77752525251,3267.3106627464294,-1,False,None,,,,,,,1.2594493422764936,1.0712660960480356,0.6330848499765039,
pso,11,404,7181.1,705488.7749999989,7126.149242424231,2967.6322185993195,-1,False,None,,,,,,,1.2594493422764936,1.0712660960480356,0.6330848499765039,
pso,11,505,7209.8,705438.8250000017,7125.6446969697145,3157.8368759155273,-1,False,None,,,,,,,1.2594493422764936,1.0712660960480356,0.6330848499765039,
pso,11,606,7173.0,704630.9000000001,7117.48383838384,3272.5803616046906,-1,False,None,,,,,,,1.2594493422764936,1.0712660960480356,0.6330848499765039,
pso,12,101,7153.8,701726.1999999989,7088.143434343423,2969.55682349205,-1,False,None,,,,,,,1.9072276949213203,1.051410145943044,0.43454121096926696,
pso,12,202,7221.3,705434.3500000004,7125.5994949495,2829.839247226715,-1,False,None,,,,,,,1.9072276949213203,1.051410145943044,0.43454121096926696,
pso,12,303,7239.45,706063.7499999999,7131.95707070707,3053.6151518821716,-1,False,None,,,,,,,1.9072276949213203,1.051410145943044,0.43454121096926696,
pso,12,404,7136.85,703524.349999999,7106.306565656556,2909.9895436763763,-1,False,None,,,,,,,1.9072276949213203,1.051410145943044,0.43454121096926696,
pso,12,505,7243.75,703260.7500000001,7103.643939393941,2898.9320311546326,-1,False,None,,,,,,,1.9072276949213203,1.051410145943044,0.43454121096926696,
pso,12,606,7155.1,703851.599999999,7109.612121212112,3141.9061982631683,-1,False,None,,,,,,,1.9072276949213203,1.051410145943044,0.43454121096926696,
pso,13,101,7252.7,707218.9999999992,7143.626262626254,3213.7377405166626,-1,False,None,,,,,,,1.6018927433323495,0.8188051430162532,0.668151786557903,
pso,13,202,7303.2,714925.2499999988,7221.4671717171595,3428.986545085907,-1,False,None,,,,,,,1.6018927433323495,0.8188051430162532,0.668151786557903,
pso,13,303,7304.6,711822.4249999997,7190.125505050502,2995.610113620758,-1,False,None,,,,,,,1.6018927433323495,0.8188051430162532,0.668151786557903,
pso,13,404,7272.7,709406.1249999987,7165.718434343421,3294.298789024353,-1,False,None,,,,,,,1.6018927433323495,0.8188051430162532,0.668151786557903,
pso,13,505,7211.25,705080.7999999989,7122.028282828272,2879.9779665470123,-1,False,None,,,,,,,1.6018927433323495,0.8188051430162532,0.668151786557903,
pso,13,606,7198.55,702521.4750000001,7096.1765151515165,3042.758054494858,-1,False,None,,,,,,,1.6018927433323495,0.8188051430162532,0.668151786557903,
pso,14,101,7342.6,715296.0499999997,7225.212626262623,3521.4333188533783,-1,False,None,,,,,,,0.8,2.18816391793743,0.7701374796469205,
pso,14,202,7372.75,720638.3749999995,7279.175505050501,3258.8293266296387,-1,False,None,,,,,,,0.8,2.18816391793743,0.7701374796469205,
pso,14,303,7339.1,717416.8749999999,7246.6351010101,3115.455145597458,-1,False,None,,,,,,,0.8,2.18816391793743,0.7701374796469205,
pso,14,404,7327.1,716502.4249999996,7237.3982323232285,3582.523878097534,-1,False,None,,,,,,,0.8,2.18816391793743,0.7701374796469205,
pso,14,505,7335.1,716963.3750000003,7242.054292929296,3520.5035886764526,-1,False,None,,,,,,,0.8,2.18816391793743,0.7701374796469205,
pso,14,606,7342.6,713287.7499999994,7204.926767676762,3426.7982227802277,-1,False,None,,,,,,,0.8,2.18816391793743,0.7701374796469205,
pso,15,101,7524.1,725161.7500000002,7324.866161616164,3535.4915838241577,-1,False,None,,,,,,,1.6029465809923673,0.8,0.9570522540446792,
pso,15,202,7598.9,736029.4999999995,7434.64141414141,3992.929055929184,-1,False,None,,,,,,,1.6029465809923673,0.8,0.9570522540446792,
pso,15,303,7584.8,733883.4250000004,7412.963888888893,4044.0503079891205,-1,False,None,,,,,,,1.6029465809923673,0.8,0.9570522540446792,
pso,15,404,7596.6,734396.1749999985,7418.143181818167,3774.547323703766,-1,False,None,,,,,,,1.6029465809923673,0.8,0.9570522540446792,
pso,15,505,7542.85,731362.3499999994,7387.498484848479,3965.1893758773804,-1,False,None,,,,,,,1.6029465809923673,0.8,0.9570522540446792,
pso,15,606,7556.8,724648.1500000011,7319.678282828294,3788.0325059890747,-1,False,None,,,,,,,1.6029465809923673,0.8,0.9570522540446792,
pso,16,101,7274.0,711025.0499999998,7182.07121212121,3234.4968955516815,-1,False,None,,,,,,,0.917657292350613,1.30289807808983,0.7853450089704677,
pso,16,202,7338.35,721320.9249999995,7286.069949494944,3682.158671617508,-1,False,None,,,,,,,0.917657292350613,1.30289807808983,0.7853450089704677,
pso,16,303,7348.45,717380.9499999991,7246.272222222214,3093.3594398498535,-1,False,None,,,,,,,0.917657292350613,1.30289807808983,0.7853450089704677,
pso,16,404,7315.45,716402.9499999989,7236.393434343423,3388.6620070934296,-1,False,None,,,,,,,0.917657292350613,1.30289807808983,0.7853450089704677,
pso,16,505,7312.15,714194.5000000013,7214.085858585871,3037.2759578227997,-1,False,None,,,,,,,0.917657292350613,1.30289807808983,0.7853450089704677,
pso,16,606,7241.35,707904.5749999996,7150.551262626259,3238.41521024704,-1,False,None,,,,,,,0.917657292350613,1.30289807808983,0.7853450089704677,
pso,17,101,7281.85,710575.774999999,7177.533080808071,3077.6831765174866,-1,False,None,,,,,,,2.067511015173549,1.31556543976207,0.6799622145792681,
pso,17,202,7331.8,720679.1000000009,7279.586868686878,3421.209885597229,-1,False,None,,,,,,,2.067511015173549,1.31556543976207,0.6799622145792681,
pso,17,303,7343.5,716749.825,7239.897222222222,3360.153615951538,-1,False,None,,,,,,,2.067511015173549,1.31556543976207,0.6799622145792681,
pso,17,404,7262.5,713973.2250000001,7211.8507575757585,3240.446730852127,-1,False,None,,,,,,,2.067511015173549,1.31556543976207,0.6799622145792681,
pso,17,505,7321.35,709584.8999999997,7167.524242424239,3364.7393412590027,-1,False,None,,,,,,,2.067511015173549,1.31556543976207,0.6799622145792681,
pso,17,606,7299.15,709996.9750000003,7171.68661616162,3406.6127321720123,-1,False,None,,,,,,,2.067511015173549,1.31556543976207,0.6799622145792681,
pso,18,101,7188.15,703759.975000001,7108.686616161626,2967.0229032039642,-1,False,None,,,,,,,0.8,1.871987895420809,0.44673244102234244,
pso,18,202,7211.55,708196.6750000004,7153.501767676772,3223.6557216644287,-1,False,None,,,,,,,0.8,1.871987895420809,0.44673244102234244,
pso,18,303,7199.3,703456.9750000014,7105.626010101024,3135.9804196357727,-1,False,None,,,,,,,0.8,1.871987895420809,0.44673244102234244,
pso,18,404,7165.25,705839.1,7129.687878787879,2797.4311487674713,-1,False,None,,,,,,,0.8,1.871987895420809,0.44673244102234244,
pso,18,505,7245.05,705341.7999999993,7124.66464646464,3007.9507625102997,-1,False,None,,,,,,,0.8,1.871987895420809,0.44673244102234244,
pso,18,606,7149.65,703543.1250000001,7106.496212121213,2983.200600862503,-1,False,None,,,,,,,0.8,1.871987895420809,0.44673244102234244,
pso,19,101,7213.0,706178.3000000004,7133.114141414146,3342.3340039253235,-1,False,None,,,,,,,1.7238496646876504,0.9771101565958561,0.6511899085719116,
pso,19,202,7274.7,715529.2499999987,7227.568181818169,3422.959436893463,-1,False,None,,,,,,,1.7238496646876504,0.9771101565958561,0.6511899085719116,
pso,19,303,7266.4,709288.825,7164.533585858585,2830.963201522827,-1,False,None,,,,,,,1.7238496646876504,0.9771101565958561,0.6511899085719116,
pso,19,404,7257.7,712415.9749999986,7196.120959595945,2966.6609451770782,-1,False,None,,,,,,,1.7238496646876504,0.9771101565958561,0.6511899085719116,
pso,19,505,7275.55,705806.0499999998,7129.354040404039,3242.454626560211,-1,False,None,,,,,,,1.7238496646876504,0.9771101565958561,0.6511899085719116,
pso,19,606,7176.45,703571.3749999993,7106.781565656559,3068.1556990146637,-1,False,None,,,,,,,1.7238496646876504,0.9771101565958561,0.6511899085719116,
pso,1,101,7263.3,709689.5000000009,7168.580808080817,3405.4532647132874,-1,False,None,,,,,,,1.5278130132707934,0.9225117921127843,0.7459843050911233,
pso,1,202,7312.75,718507.425,7257.650757575758,3119.1644110679626,-1,False,None,,,,,,,1.5278130132707934,0.9225117921127843,0.7459843050911233,
pso,1,303,7349.5,716410.3750000006,7236.46843434344,2911.7890317440033,-1,False,None,,,,,,,1.5278130132707934,0.9225117921127843,0.7459843050911233,
pso,1,404,7286.35,714637.6999999991,7218.562626262617,3412.398505926132,-1,False,None,,,,,,,1.5278130132707934,0.9225117921127843,0.7459843050911233,
pso,1,505,7294.7,709830.4749999989,7170.004797979787,2919.731278181076,-1,False,None,,,,,,,1.5278130132707934,0.9225117921127843,0.7459843050911233,
pso,1,606,7307.65,709598.2250000004,7167.6588383838425,3134.8511130809784,-1,False,None,,,,,,,1.5278130132707934,0.9225117921127843,0.7459843050911233,
pso,20,101,7342.3,715470.0000000008,7226.969696969705,3243.8973982334137,-1,False,None,,,,,,,0.8,1.3530454402357859,0.8713327797191366,
pso,20,202,7422.3,729527.1000000009,7368.960606060616,3327.68221950531,-1,False,None,,,,,,,0.8,1.3530454402357859,0.8713327797191366,
pso,20,303,7403.65,721630.2500000005,7289.194444444449,3661.9279203414917,-1,False,None,,,,,,,0.8,1.3530454402357859,0.8713327797191366,
pso,20,404,7355.3,720176.7250000006,7274.51237373738,3455.64621257782,-1,False,None,,,,,,,0.8,1.3530454402357859,0.8713327797191366,
pso,20,505,7330.0,718850.2249999999,7261.113383838382,3121.3451013565063,-1,False,None,,,,,,,0.8,1.3530454402357859,0.8713327797191366,
pso,20,606,7345.15,716460.8750000008,7236.9785353535435,3379.003319501877,-1,False,None,,,,,,,0.8,1.3530454402357859,0.8713327797191366,
pso,21,101,7301.75,715617.225,7228.456818181818,3442.5298221111298,-1,False,None,,,,,,,0.8,1.9021912585651921,0.8305668612745122,
pso,21,202,7367.45,724588.4249999983,7319.0749999999825,3684.9732172489166,-1,False,None,,,,,,,0.8,1.9021912585651921,0.8305668612745122,
pso,21,303,7420.35,722266.600000001,7295.622222222232,3546.334879875183,-1,False,None,,,,,,,0.8,1.9021912585651921,0.8305668612745122,
pso,21,404,7379.5,723916.1749999991,7312.284595959587,3652.8630068302155,-1,False,None,,,,,,,0.8,1.9021912585651921,0.8305668612745122,
pso,21,505,7364.05,720710.8000000004,7279.907070707075,3518.574077129364,-1,False,None,,,,,,,0.8,1.9021912585651921,0.8305668612745122,
pso,21,606,7437.6,721330.899999999,7286.170707070697,3589.1330337524414,-1,False,None,,,,,,,0.8,1.9021912585651921,0.8305668612745122,
pso,22,101,7222.75,706303.8750000002,7134.382575757578,2661.131525039673,-1,False,None,,,,,,,0.8,1.6683650630607108,0.5228601339999379,
pso,22,202,7215.5,707504.8499999993,7146.513636363629,3209.5359392166138,-1,False,None,,,,,,,0.8,1.6683650630607108,0.5228601339999379,
pso,22,303,7192.85,706391.5500000002,7135.268181818184,3131.7905700206757,-1,False,None,,,,,,,0.8,1.6683650630607108,0.5228601339999379,
pso,22,404,7179.95,703416.2999999988,7105.215151515139,3124.845822095871,-1,False,None,,,,,,,0.8,1.6683650630607108,0.5228601339999379,
pso,22,505,7280.4,704530.8249999997,7116.472979797977,3231.1683468818665,-1,False,None,,,,,,,0.8,1.6683650630607108,0.5228601339999379,
pso,22,606,7200.0,701852.4500000002,7089.418686868688,3226.9724900722504,-1,False,None,,,,,,,0.8,1.6683650630607108,0.5228601339999379,
pso,23,101,7354.9,717002.4000000001,7242.448484848486,3072.240345478058,-1,False,None,,,,,,,2.0130350632435974,1.9370443284894885,0.6852706383131011,
pso,23,202,7302.05,716663.9750000002,7239.030050505053,3324.387042760849,-1,False,None,,,,,,,2.0130350632435974,1.9370443284894885,0.6852706383131011,
pso,23,303,7398.15,721603.2999999997,7288.922222222219,3143.6504695415497,-1,False,None,,,,,,,2.0130350632435974,1.9370443284894885,0.6852706383131011,
pso,23,404,7355.5,718095.9249999997,7253.494191919189,3270.333616733551,-1,False,None,,,,,,,2.0130350632435974,1.9370443284894885,0.6852706383131011,
pso,23,505,7319.7,719318.0749999994,7265.839141414135,3003.76123547554,-1,False,None,,,,,,,2.0130350632435974,1.9370443284894885,0.6852706383131011,
pso,23,606,7314.45,711808.2749999993,7189.982575757569,3055.9901077747345,-1,False,None,,,,,,,2.0130350632435974,1.9370443284894885,0.6852706383131011,
pso,24,101,7260.95,711621.5749999988,7188.096717171705,3345.321378469467,-1,False,None,,,,,,,1.705782117417007,1.2038177810948651,0.705528279561114,
pso,24,202,7330.9,718144.8500000015,7253.9883838383985,2980.5248069763184,-1,False,None,,,,,,,1.705782117417007,1.2038177810948651,0.705528279561114,
pso,24,303,7317.95,713479.7999999989,7206.866666666655,2991.669382095337,-1,False,None,,,,,,,1.705782117417007,1.2038177810948651,0.705528279561114,
pso,24,404,7307.8,716942.7750000006,7241.846212121218,3407.1798117160797,-1,False,None,,,,,,,1.705782117417007,1.2038177810948651,0.705528279561114,
pso,24,505,7242.25,709072.5000000005,7162.3484848484895,3169.022864818573,-1,False,None,,,,,,,1.705782117417007,1.2038177810948651,0.705528279561114,
pso,24,606,7242.0,707745.899999999,7148.948484848474,3414.4946064949036,-1,False,None,,,,,,,1.705782117417007,1.2038177810948651,0.705528279561114,
pso,25,101,7233.6,709858.7999999988,7170.290909090897,3237.546545267105,-1,False,None,,,,,,,2.1088158421834486,1.8624929785330042,0.4401956835123876,
pso,25,202,7213.2,706444.3499999988,7135.801515151503,3263.5166988372803,-1,False,None,,,,,,,2.1088158421834486,1.8624929785330042,0.4401956835123876,
pso,25,303,7199.15,705491.55,7126.177272727273,3141.8984122276306,-1,False,None,,,,,,,2.1088158421834486,1.8624929785330042,0.4401956835123876,
pso,25,404,7249.1,709424.7749999997,7165.906818181815,3184.3155760765076,-1,False,None,,,,,,,2.1088158421834486,1.8624929785330042,0.4401956835123876,
pso,25,505,7253.6,705635.1250000001,7127.6275252525265,2830.7581770420074,-1,False,None,,,,,,,2.1088158421834486,1.8624929785330042,0.4401956835123876,
pso,25,606,7227.9,708556.1500000013,7157.132828282842,3220.343187570572,-1,False,None,,,,,,,2.1088158421834486,1.8624929785330042,0.4401956835123876,
pso,26,101,7295.1,711125.7499999999,7183.0883838383825,3041.7695825099945,-1,False,None,,,,,,,1.1424883889709005,1.3962773336437997,0.7364519976900847,
pso,26,202,7299.9,718043.3500000011,7252.963131313143,3496.8271906375885,-1,False,None,,,,,,,1.1424883889709005,1.3962773336437997,0.7364519976900847,
pso,26,303,7473.55,719001.6000000018,7262.642424242443,3458.552914619446,-1,False,None,,,,,,,1.1424883889709005,1.3962773336437997,0.7364519976900847,
pso,26,404,7244.8,712306.5250000005,7195.015404040409,3586.9968178272247,-1,False,None,,,,,,,1.1424883889709005,1.3962773336437997,0.7364519976900847,
pso,26,505,7290.3,715067.0250000011,7222.899242424253,2943.5081429481506,-1,False,None,,,,,,,1.1424883889709005,1.3962773336437997,0.7364519976900847,
pso,26,606,7209.3,706662.8,7138.008080808081,3387.70064330101,-1,False,None,,,,,,,1.1424883889709005,1.3962773336437997,0.7364519976900847,
pso,27,101,7225.1,706282.1499999999,7134.16313131313,2764.423181772232,-1,False,None,,,,,,,0.8034579681117525,1.9681029438302997,0.48585103504221666,
pso,27,202,7207.1,707498.7999999991,7146.452525252516,2878.236087322235,-1,False,None,,,,,,,0.8034579681117525,1.9681029438302997,0.48585103504221666,
pso,27,303,7205.6,704127.0749999998,7112.394696969695,2731.1679298877716,-1,False,None,,,,,,,0.8034579681117525,1.9681029438302997,0.48585103504221666,
pso,27,404,7143.75,702158.2500000003,7092.50757575758,2763.461358308792,-1,False,None,,,,,,,0.8034579681117525,1.9681029438302997,0.48585103504221666,
pso,27,505,7210.65,703202.3000000003,7103.053535353538,2669.7283158302307,-1,False,None,,,,,,,0.8034579681117525,1.9681029438302997,0.48585103504221666,
pso,27,606,7210.65,703291.1750000007,7103.95126262627,2759.556616306305,-1,False,None,,,,,,,0.8034579681117525,1.9681029438302997,0.48585103504221666,
pso,28,101,7230.8,709417.7000000009,7165.835353535363,3337.7381546497345,-1,False,None,,,,,,,2.2,0.8851279707989275,0.6033443710193481,
pso,28,202,7270.4,713996.3000000002,7212.08383838384,3376.1704885959625,-1,False,None,,,,,,,2.2,0.8851279707989275,0.6033443710193481,
pso,28,303,7312.2,711002.5249999993,7181.84368686868,3000.683449745178,-1,False,None,,,,,,,2.2,0.8851279707989275,0.6033443710193481,
pso,28,404,7232.6,708630.9249999986,7157.888131313118,3016.3864686489105,-1,False,None,,,,,,,2.2,0.8851279707989275,0.6033443710193481,
pso,28,505,7248.4,707407.1249999998,7145.526515151513,3183.887043952942,-1,False,None,,,,,,,2.2,0.8851279707989275,0.6033443710193481,
pso,28,606,7205.6,704967.7999999992,7120.886868686861,3317.6918482780457,-1,False,None,,,,,,,2.2,0.8851279707989275,0.6033443710193481,
pso,29,101,7278.35,711674.0749999998,7188.627020202019,3321.3264985084534,-1,False,None,,,,,,,1.2451229679229867,2.2,0.6386725937013081,
pso,29,202,7333.25,718313.175,7255.688636363637,3446.039883852005,-1,False,None,,,,,,,1.2451229679229867,2.2,0.6386725937013081,
pso,29,303,7370.2,714658.3749999986,7218.77146464645,3314.8599276542664,-1,False,None,,,,,,,1.2451229679229867,2.2,0.6386725937013081,
pso,29,404,7280.1,715811.3750000003,7230.417929292933,3198.883336544037,-1,False,None,,,,,,,1.2451229679229867,2.2,0.6386725937013081,
pso,29,505,7284.4,709797.3750000007,7169.670454545461,3352.5311143398285,-1,False,None,,,,,,,1.2451229679229867,2.2,0.6386725937013081,
pso,29,606,7216.65,708938.3250000012,7160.993181818194,3331.5805060863495,-1,False,None,,,,,,,1.2451229679229867,2.2,0.6386725937013081,
pso,2,101,7326.3,713318.7500000016,7205.239898989916,3314.9814925193787,-1,False,None,,,,,,,1.8377963241166142,0.8,0.8254333960731094,
pso,2,202,7317.25,720395.9249999998,7276.726515151513,3472.24622631073,-1,False,None,,,,,,,1.8377963241166142,0.8,0.8254333960731094,
pso,2,303,7349.75,717707.8500000001,7249.5742424242435,3446.2355875968933,-1,False,None,,,,,,,1.8377963241166142,0.8,0.8254333960731094,
pso,2,404,7325.25,717490.1500000007,7247.375252525259,3560.8981187343597,-1,False,None,,,,,,,1.8377963241166142,0.8,0.8254333960731094,
pso,2,505,7330.1,717058.324999999,7243.013383838374,3294.344502925873,-1,False,None,,,,,,,1.8377963241166142,0.8,0.8254333960731094,
pso,2,606,7317.75,711804.5250000004,7189.944696969701,3660.7772238254547,-1,False,None,,,,,,,1.8377963241166142,0.8,0.8254333960731094,
pso,30,101,7533.95,729478.3749999988,7368.468434343423,4247.312242269516,-1,False,None,,,,,,,1.7483796687217859,1.1201298276885074,0.9522504007727742,
pso,30,202,7564.65,735423.0750000009,7428.515909090918,3807.54896068573,-1,False,None,,,,,,,1.7483796687217859,1.1201298276885074,0.9522504007727742,
pso,30,303,7630.05,736037.9500000012,7434.726767676781,4019.7886402606964,-1,False,None,,,,,,,1.7483796687217859,1.1201298276885074,0.9522504007727742,
pso,30,404,7641.7,736606.2749999987,7440.467424242412,3566.3368785381317,-1,False,None,,,,,,,1.7483796687217859,1.1201298276885074,0.9522504007727742,
pso,30,505,7585.7,735656.9749999987,7430.878535353522,3545.776878595352,-1,False,None,,,,,,,1.7483796687217859,1.1201298276885074,0.9522504007727742,
pso,30,606,7665.9,728496.2499999994,7358.547979797974,3619.405189037323,-1,False,None,,,,,,,1.7483796687217859,1.1201298276885074,0.9522504007727742,
pso,31,101,7344.8,716321.1500000012,7235.567171717184,3042.1068897247314,-1,False,None,,,,,,,1.397248579970598,2.2,0.7241008669258236,
pso,31,202,7322.05,718274.7750000013,7255.300757575771,3187.7345559597015,-1,False,None,,,,,,,1.397248579970598,2.2,0.7241008669258236,
pso,31,303,7329.3,716834.4250000007,7240.751767676775,3394.6475229263306,-1,False,None,,,,,,,1.397248579970598,2.2,0.7241008669258236,
pso,31,404,7310.7,718677.3749999998,7259.367424242422,3373.6197321414948,-1,False,None,,,,,,,1.397248579970598,2.2,0.7241008669258236,
pso,31,505,7352.6,715512.1250000006,7227.395202020208,3451.799530506134,-1,False,None,,,,,,,1.397248579970598,2.2,0.7241008669258236,
pso,31,606,7322.45,714496.6749999988,7217.138131313119,3211.4367883205414,-1,False,None,,,,,,,1.397248579970598,2.2,0.7241008669258236,
pso,32,101,7200.65,704185.8250000014,7112.988131313145,2942.3533952236176,-1,False,None,,,,,,,1.2929030528812802,1.4392445186473384,0.42111360911608425,
pso,32,202,7196.5,705427.7,7125.532323232323,3024.387349128723,-1,False,None,,,,,,,1.2929030528812802,1.4392445186473384,0.42111360911608425,
pso,32,303,7181.7,705356.7249999988,7124.815404040392,2962.6185524463654,-1,False,None,,,,,,,1.2929030528812802,1.4392445186473384,0.42111360911608425,
pso,32,404,7148.8,703534.7250000007,7106.411363636371,3092.9669387340546,-1,False,None,,,,,,,1.2929030528812802,1.4392445186473384,0.42111360911608425,
pso,32,505,7252.05,702431.0000000007,7095.262626262634,3093.228045463562,-1,False,None,,,,,,,1.2929030528812802,1.4392445186473384,0.42111360911608425,
pso,32,606,7159.8,701789.0000000013,7088.777777777791,3036.5873720645905,-1,False,None,,,,,,,1.2929030528812802,1.4392445186473384,0.42111360911608425,
pso,33,101,7325.0,715579.7000000001,7228.0777777777785,3422.2958822250366,-1,False,None,,,,,,,1.0556539706812742,1.4847713327692562,0.8572833705515861,
pso,33,202,7438.2,726498.6499999982,7338.370202020184,3498.807280778885,-1,False,None,,,,,,,1.0556539706812742,1.4847713327692562,0.8572833705515861,
pso,33,303,7443.35,724660.0499999991,7319.798484848476,3405.9467730522156,-1,False,None,,,,,,,1.0556539706812742,1.4847713327692562,0.8572833705515861,
pso,33,404,7377.9,721693.8750000005,7289.837121212126,3675.7589676380157,-1,False,None,,,,,,,1.0556539706812742,1.4847713327692562,0.8572833705515861,
pso,33,505,7382.55,722427.450000001,7297.24696969698,3213.4192521572113,-1,False,None,,,,,,,1.0556539706812742,1.4847713327692562,0.8572833705515861,
pso,33,606,7381.85,716044.0249999994,7232.767929292923,3431.6980423927307,-1,False,None,,,,,,,1.0556539706812742,1.4847713327692562,0.8572833705515861,
pso,34,101,7398.7,721431.7499999988,7287.189393939382,3072.0634853839874,-1,False,None,,,,,,,2.2,1.4816281322160834,0.662496955150872,
pso,34,202,7367.75,717923.7249999995,7251.754797979793,3055.606946706772,-1,False,None,,,,,,,2.2,1.4816281322160834,0.662496955150872,
pso,34,303,7342.25,715697.1500000007,7229.264141414149,3499.802357673645,-1,False,None,,,,,,,2.2,1.4816281322160834,0.662496955150872,
pso,34,404,7306.15,716316.4500000007,7235.519696969704,3484.1612088680267,-1,False,None,,,,,,,2.2,1.4816281322160834,0.662496955150872,
pso,34,505,7265.45,711477.1499999985,7186.637878787864,3073.6890614032745,-1,False,None,,,,,,,2.2,1.4816281322160834,0.662496955150872,
pso,34,606,7271.25,709611.8250000002,7167.796212121214,3454.3557250499725,-1,False,None,,,,,,,2.2,1.4816281322160834,0.662496955150872,
pso,35,101,7204.65,705025.0250000008,7121.464898989908,2765.721926212311,-1,False,None,,,,,,,1.2209482302991097,1.8564550863862557,0.47998632749493086,
pso,35,202,7254.4,709457.1000000006,7166.233333333339,3139.1654167175293,-1,False,None,,,,,,,1.2209482302991097,1.8564550863862557,0.47998632749493086,
pso,35,303,7262.2,706692.4749999994,7138.307828282822,3135.6472771167755,-1,False,None,,,,,,,1.2209482302991097,1.8564550863862557,0.47998632749493086,
pso,35,404,7190.1,706406.7249999997,7135.4214646464625,3127.559304714203,-1,False,None,,,,,,,1.2209482302991097,1.8564550863862557,0.47998632749493086,
pso,35,505,7255.1,706942.6249999987,7140.834595959583,3255.9471747875214,-1,False,None,,,,,,,1.2209482302991097,1.8564550863862557,0.47998632749493086,
pso,35,606,7224.6,706367.6999999994,7135.027272727267,3097.8081092834473,-1,False,None,,,,,,,1.2209482302991097,1.8564550863862557,0.47998632749493086,
pso,36,101,7148.3,700271.1500000008,7073.445959595968,3122.9098541736603,-1,False,None,,,,,,,1.5311381358540586,0.8166836193181822,0.4443481935021144,
pso,36,202,7208.0,705934.0000000002,7130.646464646467,3170.851271390915,-1,False,None,,,,,,,1.5311381358540586,0.8166836193181822,0.4443481935021144,
pso,36,303,7186.85,704454.249999999,7115.699494949485,2696.466646671295,-1,False,None,,,,,,,1.5311381358540586,0.8166836193181822,0.4443481935021144,
pso,36,404,7151.35,701883.9499999994,7089.736868686862,3033.485214471817,-1,False,None,,,,,,,1.5311381358540586,0.8166836193181822,0.4443481935021144,
pso,36,505,7165.05,699187.05,7062.495454545455,2729.0942933559418,-1,False,None,,,,,,,1.5311381358540586,0.8166836193181822,0.4443481935021144,
pso,36,606,7132.25,702394.4249999998,7094.89318181818,2791.075067281723,-1,False,None,,,,,,,1.5311381358540586,0.8166836193181822,0.4443481935021144,
pso,37,101,7533.95,732478.1749999999,7398.769444444444,3682.2860815525055,-1,False,None,,,,,,,1.484516807193609,1.7570669197098616,0.945514034744815,
pso,37,202,7591.75,737111.525,7445.57095959596,4014.7847197055817,-1,False,None,,,,,,,1.484516807193609,1.7570669197098616,0.945514034744815,
pso,37,303,7667.75,740275.5500000002,7477.53080808081,3891.894650220871,-1,False,None,,,,,,,1.484516807193609,1.7570669197098616,0.945514034744815,
pso,37,404,7613.75,737256.6499999994,7447.036868686863,4008.385139942169,-1,False,None,,,,,,,1.484516807193609,1.7570669197098616,0.945514034744815,
pso,37,505,7587.25,734465.7999999996,7418.846464646461,3597.593667984009,-1,False,None,,,,,,,1.484516807193609,1.7570669197098616,0.945514034744815,
pso,37,606,7560.3,733788.1000000002,7412.001010101012,3565.3998358249664,-1,False,None,,,,,,,1.484516807193609,1.7570669197098616,0.945514034744815,
pso,38,101,7459.15,727054.225000001,7343.982070707081,3505.024658679962,-1,False,None,,,,,,,0.8,1.7731672505526852,0.9134362982182256,
pso,38,202,7476.4,731657.4500000004,7390.479292929297,3571.266815662384,-1,False,None,,,,,,,0.8,1.7731672505526852,0.9134362982182256,
pso,38,303,7505.35,731184.3499999997,7385.700505050502,3376.0934171676636,-1,False,None,,,,,,,0.8,1.7731672505526852,0.9134362982182256,
pso,38,404,7544.65,732104.0999999994,7394.990909090903,4131.449999094009,-1,False,None,,,,,,,0.8,1.7731672505526852,0.9134362982182256,
pso,38,505,7508.3,729871.8750000013,7372.443181818195,3869.183200597763,-1,False,None,,,,,,,0.8,1.7731672505526852,0.9134362982182256,
pso,38,606,7439.2,721692.0999999999,7289.81919191919,3728.668799161911,-1,False,None,,,,,,,0.8,1.7731672505526852,0.9134362982182256,
pso,39,101,7375.05,719869.9250000002,7271.413383838386,3637.679253101349,-1,False,None,,,,,,,1.143660780421013,1.651128603601917,0.8770803004002514,
pso,39,202,7487.15,732048.3749999998,7394.428030303028,3868.6033358573914,-1,False,None,,,,,,,1.143660780421013,1.651128603601917,0.8770803004002514,
pso,39,303,7427.95,727376.5499999991,7347.23787878787,3433.560314655304,-1,False,None,,,,,,,1.143660780421013,1.651128603601917,0.8770803004002514,
pso,39,404,7400.75,724511.9000000004,7318.302020202024,3648.9010739326477,-1,False,None,,,,,,,1.143660780421013,1.651128603601917,0.8770803004002514,
pso,39,505,7420.55,724390.9500000012,7317.080303030316,3761.781108856201,-1,False,None,,,,,,,1.143660780421013,1.651128603601917,0.8770803004002514,
pso,39,606,7433.45,720931.2749999992,7282.134090909083,3904.9642136096954,-1,False,None,,,,,,,1.143660780421013,1.651128603601917,0.8770803004002514,
pso,3,101,7291.45,710213.5249999991,7173.873989898981,3425.8577020168304,-1,False,None,,,,,,,1.4307802613522644,1.4254359718043157,0.645640535383156,
pso,3,202,7339.3,717378.0500000018,7246.242929292947,3075.214017391205,-1,False,None,,,,,,,1.4307802613522644,1.4254359718043157,0.645640535383156,
pso,3,303,7287.75,711285.4500000003,7184.701515151518,2849.4850120544434,-1,False,None,,,,,,,1.4307802613522644,1.4254359718043157,0.645640535383156,
pso,3,404,7194.4,709364.2250000014,7165.295202020216,3359.2980303764343,-1,False,None,,,,,,,1.4307802613522644,1.4254359718043157,0.645640535383156,
pso,3,505,7295.9,707200.5750000004,7143.440151515156,3271.9286801815033,-1,False,None,,,,,,,1.4307802613522644,1.4254359718043157,0.645640535383156,
pso,3,606,7204.25,708058.6250000002,7152.107323232325,3221.5457305908203,-1,False,None,,,,,,,1.4307802613522644,1.4254359718043157,0.645640535383156,
pso,40,101,7198.35,707751.0749999986,7149.000757575743,3101.7739033699036,-1,False,None,,,,,,,1.7562682437208677,1.5642289977103847,0.5099619048029197,
pso,40,202,7261.05,709966.9250000011,7171.383080808092,3191.777575492859,-1,False,None,,,,,,,1.7562682437208677,1.5642289977103847,0.5099619048029197,
pso,40,303,7237.3,711663.1250000019,7188.5164141414325,3205.787963628769,-1,False,None,,,,,,,1.7562682437208677,1.5642289977103847,0.5099619048029197,
pso,40,404,7176.6,705888.5249999987,7130.187121212109,2898.918161869049,-1,False,None,,,,,,,1.7562682437208677,1.5642289977103847,0.5099619048029197,
pso,40,505,7283.1,706358.874999999,7134.938131313121,3184.2665224075317,-1,False,None,,,,,,,1.7562682437208677,1.5642289977103847,0.5099619048029197,
pso,40,606,7205.95,705471.5749999994,7125.975505050499,3180.7795486450195,-1,False,None,,,,,,,1.7562682437208677,1.5642289977103847,0.5099619048029197,
pso,41,101,7350.15,717955.675,7252.077525252525,3410.7925901412964,-1,False,None,,,,,,,1.3736814976934224,0.8,0.9187226721243509,
pso,41,202,7445.3,732953.6000000007,7403.571717171724,3550.3567101955414,-1,False,None,,,,,,,1.3736814976934224,0.8,0.9187226721243509,
pso,41,303,7470.55,725708.9000000001,7330.392929292931,3658.0056235790253,-1,False,None,,,,,,,1.3736814976934224,0.8,0.9187226721243509,
pso,41,404,7402.4,722405.7249999995,7297.027525252521,3755.090688943863,-1,False,None,,,,,,,1.3736814976934224,0.8,0.9187226721243509,
pso,41,505,7411.4,720747.0250000007,7280.272979797987,3731.332409620285,-1,False,None,,,,,,,1.3736814976934224,0.8,0.9187226721243509,
pso,41,606,7402.8,718012.950000001,7252.656060606071,3485.0776438713074,-1,False,None,,,,,,,1.3736814976934224,0.8,0.9187226721243509,
pso,42,101,7452.95,721675.3250000005,7289.649747474753,3851.4616186618805,-1,False,None,,,,,,,2.2,0.8205814677121972,0.9298918638278264,
pso,42,202,7494.25,731303.9249999998,7386.908333333331,3616.4401562213898,-1,False,None,,,,,,,2.2,0.8205814677121972,0.9298918638278264,
pso,42,303,7520.15,728185.0999999995,7355.405050505045,3885.301011800766,-1,False,None,,,,,,,2.2,0.8205814677121972,0.9298918638278264,
pso,42,404,7481.05,729032.8000000006,7363.967676767683,4000.268704891205,-1,False,None,,,,,,,2.2,0.8205814677121972,0.9298918638278264,
pso,42,505,7512.0,725946.7249999999,7332.795202020201,3585.036078453064,-1,False,None,,,,,,,2.2,0.8205814677121972,0.9298918638278264,
pso,42,606,7508.3,723618.15,7309.274242424242,3472.9916818141937,-1,False,None,,,,,,,2.2,0.8205814677121972,0.9298918638278264,
pso,43,101,7209.95,705902.7749999993,7130.331060606054,2967.5833616256714,-1,False,None,,,,,,,1.16729260714325,1.4976381207841674,0.5430561437930976,
pso,43,202,7294.5,713338.2499999993,7205.436868686862,3050.7363312244415,-1,False,None,,,,,,,1.16729260714325,1.4976381207841674,0.5430561437930976,
pso,43,303,7281.05,707829.7000000011,7149.794949494961,2967.643662214279,-1,False,None,,,,,,,1.16729260714325,1.4976381207841674,0.5430561437930976,
pso,43,404,7186.8,704241.2250000008,7113.547727272735,2832.3099699020386,-1,False,None,,,,,,,1.16729260714325,1.4976381207841674,0.5430561437930976,
pso,43,505,7211.2,702929.775,7100.300757575757,3278.1011340618134,-1,False,None,,,,,,,1.16729260714325,1.4976381207841674,0.5430561437930976,
pso,43,606,7231.15,703988.6750000007,7110.996717171724,2993.891984939575,-1,False,None,,,,,,,1.16729260714325,1.4976381207841674,0.5430561437930976,
pso,44,101,7315.5,711726.6000000001,7189.1575757575765,3366.022799730301,-1,False,None,,,,,,,1.3152797116528587,1.3778845825775292,0.6995626522629022,
pso,44,202,7286.95,717223.2249999992,7244.679040404032,3560.7959320545197,-1,False,None,,,,,,,1.3152797116528587,1.3778845825775292,0.6995626522629022,
pso,44,303,7318.9,715932.0250000012,7231.636616161628,3246.880845308304,-1,False,None,,,,,,,1.3152797116528587,1.3778845825775292,0.6995626522629022,
pso,44,404,7262.2,712016.5249999982,7192.086111111093,3321.0860900878906,-1,False,None,,,,,,,1.3152797116528587,1.3778845825775292,0.6995626522629022,
pso,44,505,7311.25,708412.3499999993,7155.680303030295,3306.4190537929535,-1,False,None,,,,,,,1.3152797116528587,1.3778845825775292,0.6995626522629022,
pso,44,606,7219.5,707736.0500000002,7148.848989898992,3265.6934871673584,-1,False,None,,,,,,,1.3152797116528587,1.3778845825775292,0.6995626522629022,
pso,45,101,7415.15,716861.0750000003,7241.020959595962,3429.4642539024353,-1,False,None,,,,,,,2.2,1.189851668200995,0.7585663759159799,
pso,45,202,7387.75,720924.475,7282.065404040404,3364.859137058258,-1,False,None,,,,,,,2.2,1.189851668200995,0.7585663759159799,
pso,45,303,7358.85,720182.0499999988,7274.566161616149,3428.6275641918182,-1,False,None,,,,,,,2.2,1.189851668200995,0.7585663759159799,
pso,45,404,7335.3,718196.6250000006,7254.511363636369,3296.1422789096832,-1,False,None,,,,,,,2.2,1.189851668200995,0.7585663759159799,
pso,45,505,7317.55,715706.4500000005,7229.358080808086,3255.2029163837433,-1,False,None,,,,,,,2.2,1.189851668200995,0.7585663759159799,
pso,45,606,7292.8,712839.7000000008,7200.401010101018,3489.9833760261536,-1,False,None,,,,,,,2.2,1.189851668200995,0.7585663759159799,
pso,46,101,7309.1,713162.4999999986,7203.661616161602,3211.7886424064636,-1,False,None,,,,,,,2.161878009981579,1.2788237333498866,0.7523158550213409,
pso,46,202,7341.3,721002.6000000006,7282.854545454551,3687.5929520130157,-1,False,None,,,,,,,2.161878009981579,1.2788237333498866,0.7523158550213409,
pso,46,303,7417.45,721182.6499999991,7284.673232323224,3438.5325944423676,-1,False,None,,,,,,,2.161878009981579,1.2788237333498866,0.7523158550213409,
pso,46,404,7330.55,718100.650000001,7253.541919191929,3684.1288089752197,-1,False,None,,,,,,,2.161878009981579,1.2788237333498866,0.7523158550213409,
pso,46,505,7346.55,714244.8499999993,7214.594444444437,3058.447196483612,-1,False,None,,,,,,,2.161878009981579,1.2788237333498866,0.7523158550213409,
pso,46,606,7319.0,713565.9499999997,7207.736868686866,3305.14417886734,-1,False,None,,,,,,,2.161878009981579,1.2788237333498866,0.7523158550213409,
pso,47,101,7327.0,715162.0499999998,7223.859090909089,3833.063816547394,-1,False,None,,,,,,,0.8610379470533984,2.2,0.8484789705492941,
pso,47,202,7415.95,728283.6749999988,7356.400757575745,3484.045564889908,-1,False,None,,,,,,,0.8610379470533984,2.2,0.8484789705492941,
pso,47,303,7432.9,727045.4250000006,7343.893181818188,3342.614114522934,-1,False,None,,,,,,,0.8610379470533984,2.2,0.8484789705492941,
pso,47,404,7382.7,724368.4749999983,7316.853282828266,3820.745103120804,-1,False,None,,,,,,,0.8610379470533984,2.2,0.8484789705492941,
pso,47,505,7411.4,724363.075000001,7316.798737373748,3498.283135652542,-1,False,None,,,,,,,0.8610379470533984,2.2,0.8484789705492941,
pso,47,606,7425.85,722383.5249999992,7296.803282828275,3802.087644338608,-1,False,None,,,,,,,0.8610379470533984,2.2,0.8484789705492941,
pso,48,101,7261.35,709802.9749999997,7169.727020202017,3318.386325120926,-1,False,None,,,,,,,1.4969021606936583,1.5453438180426464,0.5633411098745666,
pso,48,202,7247.05,709446.3750000002,7166.125000000003,2913.9986293315887,-1,False,None,,,,,,,1.4969021606936583,1.5453438180426464,0.5633411098745666,
pso,48,303,7302.4,709896.9750000007,7170.676515151522,3221.203809261322,-1,False,None,,,,,,,1.4969021606936583,1.5453438180426464,0.5633411098745666,
pso,48,404,7260.05,706816.6000000002,7139.561616161618,3173.8334538936615,-1,False,None,,,,,,,1.4969021606936583,1.5453438180426464,0.5633411098745666,
pso,48,505,7268.75,705658.0500000002,7127.859090909093,2930.272937297821,-1,False,None,,,,,,,1.4969021606936583,1.5453438180426464,0.5633411098745666,
pso,48,606,7202.45,704442.275,7115.578535353536,2862.5080168247223,-1,False,None,,,,,,,1.4969021606936583,1.5453438180426464,0.5633411098745666,
pso,49,101,7229.7,708887.849999999,7160.483333333324,2956.7476692199707,-1,False,None,,,,,,,2.2,1.0335914384342046,0.6253818947264587,
pso,49,202,7281.75,714970.6749999999,7221.9260101010095,3342.9974496364594,-1,False,None,,,,,,,2.2,1.0335914384342046,0.6253818947264587,
pso,49,303,7330.05,713830.4500000016,7210.408585858602,2940.5455329418182,-1,False,None,,,,,,,2.2,1.0335914384342046,0.6253818947264587,
pso,49,404,7240.3,707694.4750000013,7148.429040404053,3418.9505863189697,-1,False,None,,,,,,,2.2,1.0335914384342046,0.6253818947264587,
pso,49,505,7280.9,706771.0750000003,7139.101767676771,2994.9710037708282,-1,False,None,,,,,,,2.2,1.0335914384342046,0.6253818947264587,
pso,49,606,7282.35,709057.4749999987,7162.196717171704,2879.7243571281433,-1,False,None,,,,,,,2.2,1.0335914384342046,0.6253818947264587,
pso,4,101,7342.4,715033.8500000001,7222.564141414143,3670.8058712482452,-1,False,None,,,,,,,1.475757491653264,2.2,0.7995008840973862,
pso,4,202,7350.65,721486.9250000005,7287.746717171723,3282.639666557312,-1,False,None,,,,,,,1.475757491653264,2.2,0.7995008840973862,
pso,4,303,7438.6,724505.1249999992,7318.2335858585775,3684.788610458374,-1,False,None,,,,,,,1.475757491653264,2.2,0.7995008840973862,
pso,4,404,7395.7,723989.4749999986,7313.024999999986,3592.774876356125,-1,False,None,,,,,,,1.475757491653264,2.2,0.7995008840973862,
pso,4,505,7394.4,725415.7249999994,7327.4315656565595,3177.0315244197845,-1,False,None,,,,,,,1.475757491653264,2.2,0.7995008840973862,
pso,4,606,7359.35,719251.8249999995,7265.169949494944,3233.1295721530914,-1,False,None,,,,,,,1.475757491653264,2.2,0.7995008840973862,
pso,50,101,7303.3,714186.6000000002,7214.006060606062,3678.710508584976,-1,False,None,,,,,,,1.3736070343179063,0.8,0.886921163372696,
pso,50,202,7413.6,730021.1499999987,7373.951010100997,3592.418131828308,-1,False,None,,,,,,,1.3736070343179063,0.8,0.886921163372696,
pso,50,303,7442.2,723704.0749999991,7310.142171717163,3671.6963872909546,-1,False,None,,,,,,,1.3736070343179063,0.8,0.886921163372696,
pso,50,404,7330.5,718852.8250000007,7261.139646464653,3718.30517244339,-1,False,None,,,,,,,1.3736070343179063,0.8,0.886921163372696,
pso,50,505,7386.85,719068.05,7263.313636363637,3601.099852323532,-1,False,None,,,,,,,1.3736070343179063,0.8,0.886921163372696,
pso,50,606,7352.6,714876.3,7220.972727272728,3562.012850522995,-1,False,None,,,,,,,1.3736070343179063,0.8,0.886921163372696,
pso,51,101,7228.5,706961.3500000003,7141.023737373741,3122.266541481018,-1,False,None,,,,,,,2.133564050896757,1.6911558144674457,0.40274794868971203,
pso,51,202,7196.05,708186.2250000008,7153.39621212122,2814.4673175811768,-1,False,None,,,,,,,2.133564050896757,1.6911558144674457,0.40274794868971203,
pso,51,303,7240.75,705952.7000000003,7130.835353535356,3102.4003069400787,-1,False,None,,,,,,,2.133564050896757,1.6911558144674457,0.40274794868971203,
pso,51,404,7214.4,706744.1250000008,7138.829545454554,3195.154279947281,-1,False,None,,,,,,,2.133564050896757,1.6911558144674457,0.40274794868971203,
pso,51,505,7229.9,704920.2749999999,7120.4068181818175,3250.879940509796,-1,False,None,,,,,,,2.133564050896757,1.6911558144674457,0.40274794868971203,
pso,51,606,7219.9,708161.3500000007,7153.144949494957,2772.512439727783,-1,False,None,,,,,,,2.133564050896757,1.6911558144674457,0.40274794868971203,
pso,52,101,7323.0,712472.7,7196.693939393939,3328.8253042697906,-1,False,None,,,,,,,1.5567170297995132,1.9272740208879597,0.5534281504473338,
pso,52,202,7267.35,712248.1249999998,7194.425505050503,3362.137786626816,-1,False,None,,,,,,,1.5567170297995132,1.9272740208879597,0.5534281504473338,
pso,52,303,7311.85,712606.2499999995,7198.042929292925,3175.4918718338013,-1,False,None,,,,,,,1.5567170297995132,1.9272740208879597,0.5534281504473338,
pso,52,404,7182.2,707181.8249999986,7143.250757575743,3302.9389958381653,-1,False,None,,,,,,,1.5567170297995132,1.9272740208879597,0.5534281504473338,
pso,52,505,7225.5,705291.224999999,7124.1537878787785,2849.8321046829224,-1,False,None,,,,,,,1.5567170297995132,1.9272740208879597,0.5534281504473338,
pso,52,606,7233.15,708653.2750000001,7158.11388888889,2881.9511380195618,-1,False,None,,,,,,,1.5567170297995132,1.9272740208879597,0.5534281504473338,
pso,53,101,7244.3,708152.7500000013,7153.058080808094,2928.00043964386,-1,False,None,,,,,,,1.5506798633162326,1.2837388207749132,0.5792916873481603,
pso,53,202,7318.45,715769.3749999984,7229.99368686867,3126.911395549774,-1,False,None,,,,,,,1.5506798633162326,1.2837388207749132,0.5792916873481603,
pso,53,303,7275.65,710812.850000001,7179.927777777788,3139.762937307358,-1,False,None,,,,,,,1.5506798633162326,1.2837388207749132,0.5792916873481603,
pso,53,404,7206.7,704843.6749999989,7119.633080808069,3134.4395434856415,-1,False,None,,,,,,,1.5506798633162326,1.2837388207749132,0.5792916873481603,
pso,53,505,7261.25,704163.0000000002,7112.757575757578,3081.5129845142365,-1,False,None,,,,,,,1.5506798633162326,1.2837388207749132,0.5792916873481603,
pso,53,606,7207.65,704723.8250000002,7118.422474747476,3212.1649720668793,-1,False,None,,,,,,,1.5506798633162326,1.2837388207749132,0.5792916873481603,
pso,54,101,7205.55,704393.1750000003,7115.0825757575785,3060.719008922577,-1,False,None,,,,,,,0.8,1.4888980467225323,0.5207419402307208,
pso,54,202,7229.25,709480.5249999996,7166.4699494949455,3250.799636363983,-1,False,None,,,,,,,0.8,1.4888980467225323,0.5207419402307208,
pso,54,303,7219.9,703538.7250000011,7106.451767676779,2764.142624616623,-1,False,None,,,,,,,0.8,1.4888980467225323,0.5207419402307208,
pso,54,404,7179.9,702881.824999999,7099.8164141414045,2735.7818377017975,-1,False,None,,,,,,,0.8,1.4888980467225323,0.5207419402307208,
pso,54,505,7191.3,700657.2749999998,7077.34621212121,2694.553920507431,-1,False,None,,,,,,,0.8,1.4888980467225323,0.5207419402307208,
pso,54,606,7185.7,702538.9999999991,7096.353535353526,2782.253751039505,-1,False,None,,,,,,,0.8,1.4888980467225323,0.5207419402307208,
pso,55,101,7214.2,706475.9999999988,7136.1212121212,3047.5444808006287,-1,False,None,,,,,,,1.8092392799638073,1.5647151418015632,0.5478548704585731,
pso,55,202,7231.95,709705.7749999994,7168.745202020196,3371.573790073395,-1,False,None,,,,,,,1.8092392799638073,1.5647151418015632,0.5478548704585731,
pso,55,303,7225.1,710187.9249999989,7173.615404040393,3137.100453853607,-1,False,None,,,,,,,1.8092392799638073,1.5647151418015632,0.5478548704585731,
pso,55,404,7190.85,708242.649999999,7153.966161616151,3021.646738052368,-1,False,None,,,,,,,1.8092392799638073,1.5647151418015632,0.5478548704585731,
pso,55,505,7332.6,711308.9749999995,7184.939141414136,2800.3646969795227,-1,False,None,,,,,,,1.8092392799638073,1.5647151418015632,0.5478548704585731,
pso,55,606,7176.75,703892.4750000001,7110.025000000001,2918.8286151885986,-1,False,None,,,,,,,1.8092392799638073,1.5647151418015632,0.5478548704585731,
pso,56,101,7213.75,704151.5250000003,7112.641666666669,3100.5179917812347,-1,False,None,,,,,,,1.1815577634648893,1.2860719510049743,0.46626815262490107,
pso,56,202,7246.1,709727.3499999988,7168.963131313119,3182.893047094345,-1,False,None,,,,,,,1.1815577634648893,1.2860719510049743,0.46626815262490107,
pso,56,303,7201.7,703764.6250000003,7108.733585858589,3091.657965660095,-1,False,None,,,,,,,1.1815577634648893,1.2860719510049743,0.46626815262490107,
pso,56,404,7115.55,700539.0000000006,7076.151515151521,3028.843606710434,-1,False,None,,,,,,,1.1815577634648893,1.2860719510049743,0.46626815262490107,
pso,56,505,7176.9,702671.5750000001,7097.692676767678,3032.793798685074,-1,False,None,,,,,,,1.1815577634648893,1.2860719510049743,0.46626815262490107,
pso,56,606,7090.55,699373.5750000008,7064.379545454553,2684.2250986099243,-1,False,None,,,,,,,1.1815577634648893,1.2860719510049743,0.46626815262490107,
pso,57,101,7285.7,713488.0499999989,7206.949999999989,3377.336352109909,-1,False,None,,,,,,,1.0850187866802528,1.169106241161821,0.7730547890996922,
pso,57,202,7314.4,718748.5000000012,7260.0858585858705,3573.120731830597,-1,False,None,,,,,,,1.0850187866802528,1.169106241161821,0.7730547890996922,
pso,57,303,7390.7,716615.5749999984,7238.5411616161455,2982.329894542694,-1,False,None,,,,,,,1.0850187866802528,1.169106241161821,0.7730547890996922,
pso,57,404,7281.85,713967.0499999996,7211.78838383838,3023.89053606987,-1,False,None,,,,,,,1.0850187866802528,1.169106241161821,0.7730547890996922,
pso,57,505,7318.3,710672.0250000011,7178.505303030314,3055.656324148178,-1,False,None,,,,,,,1.0850187866802528,1.169106241161821,0.7730547890996922,
pso,57,606,7233.1,709011.6499999991,7161.73383838383,3034.8395302295685,-1,False,None,,,,,,,1.0850187866802528,1.169106241161821,0.7730547890996922,
pso,58,101,7164.95,703874.1749999988,7109.840151515139,3109.872201681137,-1,False,None,,,,,,,0.8,1.4115632904794735,0.5979118841046149,
pso,58,202,7278.45,711442.3749999994,7186.28661616161,2898.3074746131897,-1,False,None,,,,,,,0.8,1.4115632904794735,0.5979118841046149,
pso,58,303,7233.35,708608.5499999996,7157.662121212117,3214.5443420410156,-1,False,None,,,,,,,0.8,1.4115632904794735,0.5979118841046149,
pso,58,404,7152.35,702917.1999999996,7100.173737373733,3315.252735376358,-1,False,None,,,,,,,0.8,1.4115632904794735,0.5979118841046149,
pso,58,505,7183.5,704201.8250000001,7113.149747474748,3129.26566529274,-1,False,None,,,,,,,0.8,1.4115632904794735,0.5979118841046149,
pso,58,606,7149.2,703510.7999999984,7106.169696969681,2987.0871596336365,-1,False,None,,,,,,,0.8,1.4115632904794735,0.5979118841046149,
pso,59,101,7358.2,719317.299999999,7265.831313131303,3664.205291748047,-1,False,None,,,,,,,0.8,2.0727954097478216,0.8631897094059962,
pso,59,202,7470.0,730775.25,7381.568181818182,3892.9130096435547,-1,False,None,,,,,,,0.8,2.0727954097478216,0.8631897094059962,
pso,59,303,7409.75,725720.8000000017,7330.513131313148,3201.9890208244324,-1,False,None,,,,,,,0.8,2.0727954097478216,0.8631897094059962,
pso,59,404,7388.35,724467.9999999997,7317.858585858582,3507.9994955062866,-1,False,None,,,,,,,0.8,2.0727954097478216,0.8631897094059962,
pso,59,505,7448.7,725106.0249999989,7324.303282828271,3569.4101417064667,-1,False,None,,,,,,,0.8,2.0727954097478216,0.8631897094059962,
pso,59,606,7400.45,720143.225,7274.17398989899,3649.238131761551,-1,False,None,,,,,,,0.8,2.0727954097478216,0.8631897094059962,
pso,5,101,7397.85,718298.5249999993,7255.540656565649,3456.110726594925,-1,False,None,,,,,,,1.0973751321528338,2.2,0.8169531084421852,
pso,5,202,7364.7,724936.3000000009,7322.588888888898,3774.7643563747406,-1,False,None,,,,,,,1.0973751321528338,2.2,0.8169531084421852,
pso,5,303,7476.15,723694.5000000002,7310.045454545457,3436.1732184886932,-1,False,None,,,,,,,1.0973751321528338,2.2,0.8169531084421852,
pso,5,404,7360.35,724960.0999999999,7322.829292929291,3556.6398310661316,-1,False,None,,,,,,,1.0973751321528338,2.2,0.8169531084421852,
pso,5,505,7351.95,719884.349999999,7271.5590909090815,3366.603900194168,-1,False,None,,,,,,,1.0973751321528338,2.2,0.8169531084421852,
pso,5,606,7427.5,719258.2000000004,7265.2343434343475,3464.445279121399,-1,False,None,,,,,,,1.0973751321528338,2.2,0.8169531084421852,
pso,60,101,7207.85,706438.5249999989,7135.742676767665,3037.0807621479034,-1,False,None,,,,,,,1.0410106889913138,1.8526144475705606,0.5298528782350448,
pso,60,202,7231.6,710965.8999999987,7181.473737373724,3036.8596625328064,-1,False,None,,,,,,,1.0410106889913138,1.8526144475705606,0.5298528782350448,
pso,60,303,7250.9,707779.5750000005,7149.288636363642,2989.383670091629,-1,False,None,,,,,,,1.0410106889913138,1.8526144475705606,0.5298528782350448,
pso,60,404,7224.95,705748.0499999991,7128.768181818173,3178.227950334549,-1,False,None,,,,,,,1.0410106889913138,1.8526144475705606,0.5298528782350448,
pso,60,505,7263.8,704548.0750000004,7116.647222222226,3053.6357266902924,-1,False,None,,,,,,,1.0410106889913138,1.8526144475705606,0.5298528782350448,
pso,60,606,7180.5,706142.1499999997,7132.748989898987,2833.6544058322906,-1,False,None,,,,,,,1.0410106889913138,1.8526144475705606,0.5298528782350448,
pso,61,101,7289.4,706733.1000000009,7138.718181818191,3084.572436571121,-1,False,None,,,,,,,1.178413979443518,1.1871054726699162,0.5374374612159025,
pso,61,202,7237.9,708358.1000000006,7155.132323232329,2846.4564170837402,-1,False,None,,,,,,,1.178413979443518,1.1871054726699162,0.5374374612159025,
pso,61,303,7239.1,706664.6249999987,7138.026515151502,2780.674978494644,-1,False,None,,,,,,,1.178413979443518,1.1871054726699162,0.5374374612159025,
pso,61,404,7174.1,704240.4749999992,7113.540151515143,2849.4353687763214,-1,False,None,,,,,,,1.178413979443518,1.1871054726699162,0.5374374612159025,
pso,61,505,7174.2,701482.2249999997,7085.679040404038,3089.9192550182343,-1,False,None,,,,,,,1.178413979443518,1.1871054726699162,0.5374374612159025,
pso,61,606,7173.95,702499.0249999989,7095.949747474736,3121.986349582672,-1,False,None,,,,,,,1.178413979443518,1.1871054726699162,0.5374374612159025,
pso,62,101,7261.25,708945.1249999995,7161.061868686864,3210.223214149475,-1,False,None,,,,,,,1.9676484806306802,1.337784828159975,0.49220136507804507,
pso,62,202,7226.8,709975.8000000018,7171.472727272745,3303.8289284706116,-1,False,None,,,,,,,1.9676484806306802,1.337784828159975,0.49220136507804507,
pso,62,303,7320.2,713507.2749999987,7207.144191919179,3290.8387684822083,-1,False,None,,,,,,,1.9676484806306802,1.337784828159975,0.49220136507804507,
pso,62,404,7214.9,707909.6750000002,7150.602777777779,3316.0644714832306,-1,False,None,,,,,,,1.9676484806306802,1.337784828159975,0.49220136507804507,
pso,62,505,7221.1,705520.7750000007,7126.472474747482,2829.9961676597595,-1,False,None,,,,,,,1.9676484806306802,1.337784828159975,0.49220136507804507,
pso,62,606,7169.25,701318.7750000001,7084.028030303031,2827.3695950508118,-1,False,None,,,,,,,1.9676484806306802,1.337784828159975,0.49220136507804507,
pso,63,101,7398.5,721708.8500000001,7289.988383838385,3915.6223628520966,-1,False,None,,,,,,,1.9789730448889806,1.1460753193831656,0.9018716458655734,
pso,63,202,7439.55,730123.3750000006,7374.983585858592,3507.195900440216,-1,False,None,,,,,,,1.9789730448889806,1.1460753193831656,0.9018716458655734,
pso,63,303,7515.5,727558.6749999997,7349.077525252522,3858.3489513397217,-1,False,None,,,,,,,1.9789730448889806,1.1460753193831656,0.9018716458655734,
pso,63,404,7442.35,726573.0999999996,7339.122222222219,3647.2814559936523,-1,False,None,,,,,,,1.9789730448889806,1.1460753193831656,0.9018716458655734,
pso,63,505,7451.15,725187.6500000008,7325.127777777786,3785.288825035095,-1,False,None,,,,,,,1.9789730448889806,1.1460753193831656,0.9018716458655734,
pso,63,606,7493.35,725521.2249999993,7328.497222222215,3845.974958896637,-1,False,None,,,,,,,1.9789730448889806,1.1460753193831656,0.9018716458655734,
pso,64,101,7242.3,708165.5500000012,7153.187373737386,3085.371874809265,-1,False,None,,,,,,,1.9038149413936276,1.3743624913706114,0.5932377228783875,
pso,64,202,7265.8,712201.4500000015,7193.954040404055,2956.665442466736,-1,False,None,,,,,,,1.9038149413936276,1.3743624913706114,0.5932377228783875,
pso,64,303,7227.4,710291.4750000007,7174.661363636371,3216.0710034370422,-1,False,None,,,,,,,1.9038149413936276,1.3743624913706114,0.5932377228783875,
pso,64,404,7275.95,711705.9999999991,7188.949494949486,3001.530028820038,-1,False,None,,,,,,,1.9038149413936276,1.3743624913706114,0.5932377228783875,
pso,64,505,7245.75,708558.0,7157.151515151515,2881.6025216579437,-1,False,None,,,,,,,1.9038149413936276,1.3743624913706114,0.5932377228783875,
pso,64,606,7214.8,708907.4000000005,7160.680808080813,2938.444583415985,-1,False,None,,,,,,,1.9038149413936276,1.3743624913706114,0.5932377228783875,
pso,65,101,7240.35,710807.9749999997,7179.878535353533,2930.7337448596954,-1,False,None,,,,,,,1.7819552530879519,1.6477406483438384,0.49484663440465376,
pso,65,202,7235.5,711718.3,7189.0737373737375,3298.776664495468,-1,False,None,,,,,,,1.7819552530879519,1.6477406483438384,0.49484663440465376,
pso,65,303,7230.9,708409.3749999999,7155.650252525252,3250.5183544158936,-1,False,None,,,,,,,1.7819552530879519,1.6477406483438384,0.49484663440465376,
pso,65,404,7171.25,707395.2500000002,7145.406565656568,3053.1311540603638,-1,False,None,,,,,,,1.7819552530879519,1.6477406483438384,0.49484663440465376,
pso,65,505,7278.35,707110.0499999995,7142.525757575752,3221.0715203285217,-1,False,None,,,,,,,1.7819552530879519,1.6477406483438384,0.49484663440465376,
pso,65,606,7197.65,704373.9750000011,7114.8886363636475,3183.5346958637238,-1,False,None,,,,,,,1.7819552530879519,1.6477406483438384,0.49484663440465376,
pso,66,101,7661.5,736535.8999999993,7439.756565656558,4394.608291149139,-1,False,None,,,,,,,1.4243080799588501,2.196502234658871,0.9689230561530664,
pso,66,202,7744.0,745769.7000000002,7533.027272727275,4261.541067361832,-1,False,None,,,,,,,1.4243080799588501,2.196502234658871,0.9689230561530664,
pso,66,303,7703.95,743096.1499999996,7506.021717171713,3795.2808854579926,-1,False,None,,,,,,,1.4243080799588501,2.196502234658871,0.9689230561530664,
pso,66,404,7772.95,748824.1499999991,7563.880303030294,3654.554024219513,-1,False,None,,,,,,,1.4243080799588501,2.196502234658871,0.9689230561530664,
pso,66,505,7694.35,745047.3999999996,7525.7313131313085,3688.234205007553,-1,False,None,,,,,,,1.4243080799588501,2.196502234658871,0.9689230561530664,
pso,66,606,7670.65,739915.8749999999,7473.897727272726,4227.235905647278,-1,False,None,,,,,,,1.4243080799588501,2.196502234658871,0.9689230561530664,
pso,67,101,7263.2,710135.000000001,7173.080808080818,2977.916002511978,-1,False,None,,,,,,,1.1525042518891602,2.017899147898579,0.6763154288751705,
pso,67,202,7324.0,716791.6500000003,7240.319696969699,3406.4525051116943,-1,False,None,,,,,,,1.1525042518891602,2.017899147898579,0.6763154288751705,
pso,67,303,7395.4,718021.4750000001,7252.742171717173,3331.8539803028107,-1,False,None,,,,,,,1.1525042518891602,2.017899147898579,0.6763154288751705,
pso,67,404,7297.45,715390.7000000003,7226.16868686869,3135.668122291565,-1,False,None,,,,,,,1.1525042518891602,2.017899147898579,0.6763154288751705,
pso,67,505,7294.05,711428.3499999997,7186.144949494947,3045.4312024116516,-1,False,None,,,,,,,1.1525042518891602,2.017899147898579,0.6763154288751705,
pso,67,606,7228.3,708302.5499999999,7154.571212121212,3103.7378742694855,-1,False,None,,,,,,,1.1525042518891602,2.017899147898579,0.6763154288751705,
pso,68,101,7256.45,708474.3249999987,7156.3063131313,3195.593018054962,-1,False,None,,,,,,,1.116868717203756,1.4909013625510055,0.7810614644960183,
pso,68,202,7338.3,721085.2500000009,7283.689393939403,3507.2995698451996,-1,False,None,,,,,,,1.116868717203756,1.4909013625510055,0.7810614644960183,
pso,68,303,7388.4,719611.3250000005,7268.801262626268,3420.242344856262,-1,False,None,,,,,,,1.116868717203756,1.4909013625510055,0.7810614644960183,
pso,68,404,7302.3,720145.4750000016,7274.196717171733,3184.2687809467316,-1,False,None,,,,,,,1.116868717203756,1.4909013625510055,0.7810614644960183,
pso,68,505,7406.05,716493.4500000015,7237.307575757591,3346.6415960788727,-1,False,None,,,,,,,1.116868717203756,1.4909013625510055,0.7810614644960183,
pso,68,606,7335.4,715095.2000000012,7223.183838383851,3463.3750343322754,-1,False,None,,,,,,,1.116868717203756,1.4909013625510055,0.7810614644960183,
pso,69,101,7456.6,724199.6499999998,7315.147979797977,3950.5606660842896,-1,False,None,,,,,,,1.1743111426089983,1.8572145268502822,0.9248712230551668,
pso,69,202,7608.9,738355.5500000007,7458.136868686876,3683.385024547577,-1,False,None,,,,,,,1.1743111426089983,1.8572145268502822,0.9248712230551668,
pso,69,303,7525.45,731592.8999999991,7389.827272727263,4016.078047990799,-1,False,None,,,,,,,1.1743111426089983,1.8572145268502822,0.9248712230551668,
pso,69,404,7512.05,737348.950000001,7447.969191919202,3960.6052961349487,-1,False,None,,,,,,,1.1743111426089983,1.8572145268502822,0.9248712230551668,
pso,69,505,7486.65,730085.0000000006,7374.595959595966,3874.7037630081177,-1,False,None,,,,,,,1.1743111426089983,1.8572145268502822,0.9248712230551668,
pso,69,606,7474.05,728178.7749999993,7355.341161616155,3599.7255866527557,-1,False,None,,,,,,,1.1743111426089983,1.8572145268502822,0.9248712230551668,
pso,6,101,7357.65,715843.3750000006,7230.741161616167,3106.701022386551,-1,False,None,,,,,,,1.4597738200420316,2.1853484979031195,0.7127405178917274,
pso,6,202,7362.5,721988.35,7292.811616161616,3529.2984812259674,-1,False,None,,,,,,,1.4597738200420316,2.1853484979031195,0.7127405178917274,
pso,6,303,7362.8,720302.5750000012,7275.783585858599,3348.2353320121765,-1,False,None,,,,,,,1.4597738200420316,2.1853484979031195,0.7127405178917274,
pso,6,404,7317.65,718060.6500000004,7253.137878787883,3243.1445095539093,-1,False,None,,,,,,,1.4597738200420316,2.1853484979031195,0.7127405178917274,
pso,6,505,7319.15,718979.1000000001,7262.4151515151525,3461.592193365097,-1,False,None,,,,,,,1.4597738200420316,2.1853484979031195,0.7127405178917274,
pso,6,606,7312.55,713728.8750000009,7209.382575757585,3515.93195438385,-1,False,None,,,,,,,1.4597738200420316,2.1853484979031195,0.7127405178917274,
pso,70,101,7496.95,729921.2749999997,7372.942171717168,4263.323719263077,-1,False,None,,,,,,,2.2,1.295792253615866,0.9384889212196196,
pso,70,202,7583.5,736895.7500000001,7443.391414141415,4156.0422830581665,-1,False,None,,,,,,,2.2,1.295792253615866,0.9384889212196196,
pso,70,303,7559.55,731761.050000001,7391.525757575768,3595.658412218094,-1,False,None,,,,,,,2.2,1.295792253615866,0.9384889212196196,
pso,70,404,7562.4,736357.9250000006,7437.9588383838445,3614.6672151088715,-1,False,None,,,,,,,2.2,1.295792253615866,0.9384889212196196,
pso,70,505,7620.9,732027.2750000003,7394.2148989899015,3646.791243314743,-1,False,None,,,,,,,2.2,1.295792253615866,0.9384889212196196,
pso,70,606,7554.95,730321.5249999989,7376.985101010089,3688.452013015747,-1,False,None,,,,,,,2.2,1.295792253615866,0.9384889212196196,
pso,71,101,7269.45,706319.2249999989,7134.537626262615,2882.2653341293335,-1,False,None,,,,,,,1.5049629270911742,0.8,0.6585926363667958,
pso,71,202,7275.05,713091.5250000011,7202.944696969707,3316.93700671196,-1,False,None,,,,,,,1.5049629270911742,0.8,0.6585926363667958,
pso,71,303,7305.35,714697.55,7219.167171717172,3209.9535965919495,-1,False,None,,,,,,,1.5049629270911742,0.8,0.6585926363667958,
pso,71,404,7196.95,706743.2999999995,7138.821212121206,3007.530021429062,-1,False,None,,,,,,,1.5049629270911742,0.8,0.6585926363667958,
pso,71,505,7239.4,704931.975000001,7120.525000000011,2769.972827196121,-1,False,None,,,,,,,1.5049629270911742,0.8,0.6585926363667958,
pso,71,606,7192.7,705175.549999998,7122.985353535333,3224.8357112407684,-1,False,None,,,,,,,1.5049629270911742,0.8,0.6585926363667958,
pso,72,101,7661.8,736128.6500000001,7435.642929292931,4225.788820743561,-1,False,None,,,,,,,0.8,1.3967120726519275,0.9749548983769002,
pso,72,202,7669.75,743945.1749999995,7514.597727272722,3509.6232867240906,-1,False,None,,,,,,,0.8,1.3967120726519275,0.9749548983769002,
pso,72,303,7731.75,739913.35,7473.872222222222,4154.385211229324,-1,False,None,,,,,,,0.8,1.3967120726519275,0.9749548983769002,
pso,72,404,7617.9,738984.1749999999,7464.4866161616155,4133.019845724106,-1,False,None,,,,,,,0.8,1.3967120726519275,0.9749548983769002,
pso,72,505,7662.75,737729.9000000003,7451.8171717171745,3613.140385866165,-1,False,None,,,,,,,0.8,1.3967120726519275,0.9749548983769002,
pso,72,606,7607.0,731492.8,7388.816161616162,4110.727189779282,-1,False,None,,,,,,,0.8,1.3967120726519275,0.9749548983769002,
pso,73,101,7303.6,714856.7999999999,7220.775757575757,3544.674697637558,-1,False,None,,,,,,,2.2,1.0981849111480022,0.7353111931900466,
pso,73,202,7309.25,719516.5250000001,7267.843686868689,3611.7197654247284,-1,False,None,,,,,,,2.2,1.0981849111480022,0.7353111931900466,
pso,73,303,7361.35,719020.6999999996,7262.83535353535,3108.4774181842804,-1,False,None,,,,,,,2.2,1.0981849111480022,0.7353111931900466,
pso,73,404,7305.8,715152.1250000008,7223.7588383838465,3236.5090594291687,-1,False,None,,,,,,,2.2,1.0981849111480022,0.7353111931900466,
pso,73,505,7288.2,712898.2749999996,7200.9926767676725,2998.452333688736,-1,False,None,,,,,,,2.2,1.0981849111480022,0.7353111931900466,
pso,73,606,7297.0,711507.7000000003,7186.946464646468,3466.911068201065,-1,False,None,,,,,,,2.2,1.0981849111480022,0.7353111931900466,
pso,74,101,7533.1,731941.0499999996,7393.343939393935,3654.0708451271057,-1,False,None,,,,,,,1.2059627718795185,2.2,0.9446921644354112,
pso,74,202,7618.3,737623.7000000003,7450.744444444447,3614.8173213005066,-1,False,None,,,,,,,1.2059627718795185,2.2,0.9446921644354112,
pso,74,303,7645.95,737131.1999999991,7445.769696969688,4168.069573163986,-1,False,None,,,,,,,1.2059627718795185,2.2,0.9446921644354112,
pso,74,404,7559.75,738604.3499999999,7460.649999999999,4098.1405482292175,-1,False,None,,,,,,,1.2059627718795185,2.2,0.9446921644354112,
pso,74,505,7563.6,736913.3249999993,7443.568939393932,3678.5944442749023,-1,False,None,,,,,,,1.2059627718795185,2.2,0.9446921644354112,
pso,74,606,7603.1,734373.2999999997,7417.912121212118,3812.7138583660126,-1,False,None,,,,,,,1.2059627718795185,2.2,0.9446921644354112,
pso,75,101,7281.6,709884.0999999986,7170.546464646451,3372.8793971538544,-1,False,None,,,,,,,0.9646227467726096,2.2,0.5856095971139506,
pso,75,202,7218.9,709060.2500000005,7162.224747474752,3522.3544297218323,-1,False,None,,,,,,,0.9646227467726096,2.2,0.5856095971139506,
pso,75,303,7308.75,714838.1000000007,7220.586868686875,3228.334954738617,-1,False,None,,,,,,,0.9646227467726096,2.2,0.5856095971139506,
pso,75,404,7216.5,708384.6749999998,7155.400757575756,3065.045723438263,-1,False,None,,,,,,,0.9646227467726096,2.2,0.5856095971139506,
pso,75,505,7295.8,708231.9750000009,7153.858333333343,2842.2752430438995,-1,False,None,,,,,,,0.9646227467726096,2.2,0.5856095971139506,
pso,75,606,7203.35,706501.824999999,7136.382070707061,3320.487781524658,-1,False,None,,,,,,,0.9646227467726096,2.2,0.5856095971139506,
pso,76,101,7402.0,718497.9500000002,7257.555050505052,3353.4931552410126,-1,False,None,,,,,,,1.6736352159050651,2.089482031173722,0.8389905920165952,
pso,76,202,7463.85,728979.6250000001,7363.430555555557,3734.32306933403,-1,False,None,,,,,,,1.6736352159050651,2.089482031173722,0.8389905920165952,
pso,76,303,7451.05,725263.3000000011,7325.89191919193,3733.3725864887238,-1,False,None,,,,,,,1.6736352159050651,2.089482031173722,0.8389905920165952,
pso,76,404,7409.8,725949.5750000009,7332.823989898999,3828.1798129081726,-1,False,None,,,,,,,1.6736352159050651,2.089482031173722,0.8389905920165952,
pso,76,505,7440.85,726392.6499999997,7337.299494949491,3761.3363535404205,-1,False,None,,,,,,,1.6736352159050651,2.089482031173722,0.8389905920165952,
pso,76,606,7494.4,726908.050000001,7342.5055555555655,3755.4060044288635,-1,False,None,,,,,,,1.6736352159050651,2.089482031173722,0.8389905920165952,
pso,77,101,7346.75,713831.1750000004,7210.415909090913,3203.408006668091,-1,False,None,,,,,,,2.2,1.1986369279041622,0.8107659246059642,
pso,77,202,7359.35,723579.1749999989,7308.880555555545,3646.465010881424,-1,False,None,,,,,,,2.2,1.1986369279041622,0.8107659246059642,
pso,77,303,7433.75,721298.6999999995,7285.84545454545,3260.5050897598267,-1,False,None,,,,,,,2.2,1.1986369279041622,0.8107659246059642,
pso,77,404,7369.05,721425.5000000008,7287.126262626271,3382.15918469429,-1,False,None,,,,,,,2.2,1.1986369279041622,0.8107659246059642,
pso,77,505,7355.25,717294.6499999998,7245.400505050503,3319.8028938770294,-1,False,None,,,,,,,2.2,1.1986369279041622,0.8107659246059642,
pso,77,606,7392.6,720061.7499999992,7273.3510101010015,3313.1527059078217,-1,False,None,,,,,,,2.2,1.1986369279041622,0.8107659246059642,
pso,78,101,7189.65,703850.7750000007,7109.603787878795,2771.854981660843,-1,False,None,,,,,,,1.782461657377661,0.9754516429665997,0.4747195935115016,
pso,78,202,7202.35,707484.3249999986,7146.306313131298,3224.3328993320465,-1,False,None,,,,,,,1.782461657377661,0.9754516429665997,0.4747195935115016,
pso,78,303,7218.2,703975.175,7110.860353535354,2686.8772411346436,-1,False,None,,,,,,,1.782461657377661,0.9754516429665997,0.4747195935115016,
pso,78,404,7151.5,703241.3250000001,7103.447727272728,3174.7839534282684,-1,False,None,,,,,,,1.782461657377661,0.9754516429665997,0.4747195935115016,
pso,78,505,7221.25,703218.3499999999,7103.215656565655,3250.259438276291,-1,False,None,,,,,,,1.782461657377661,0.9754516429665997,0.4747195935115016,
pso,78,606,7196.25,704022.225,7111.335606060606,2741.109956264496,-1,False,None,,,,,,,1.782461657377661,0.9754516429665997,0.4747195935115016,
pso,79,101,7308.8,712447.7500000012,7196.4419191919305,3216.9379246234894,-1,False,None,,,,,,,1.512924567041681,1.7214864792907267,0.6928104865148448,
pso,79,202,7292.2,715923.7999999985,7231.553535353521,3498.577450990677,-1,False,None,,,,,,,1.512924567041681,1.7214864792907267,0.6928104865148448,
pso,79,303,7360.2,718010.6249999983,7252.632575757558,3146.8265850543976,-1,False,None,,,,,,,1.512924567041681,1.7214864792907267,0.6928104865148448,
pso,79,404,7322.45,716483.6500000001,7237.208585858587,3530.9253375530243,-1,False,None,,,,,,,1.512924567041681,1.7214864792907267,0.6928104865148448,
pso,79,505,7276.45,710814.6499999987,7179.945959595947,3428.7869284152985,-1,False,None,,,,,,,1.512924567041681,1.7214864792907267,0.6928104865148448,
pso,79,606,7226.45,708565.924999999,7157.231565656555,3426.7177488803864,-1,False,None,,,,,,,1.512924567041681,1.7214864792907267,0.6928104865148448,
pso,7,101,7231.25,707193.0249999999,7143.363888888888,3313.028974056244,-1,False,None,,,,,,,1.1157253024637528,1.0596527525957444,0.6289206882129013,
pso,7,202,7261.2,711293.9999999991,7184.787878787869,3219.4676229953766,-1,False,None,,,,,,,1.1157253024637528,1.0596527525957444,0.6289206882129013,
pso,7,303,7267.65,712170.0500000013,7193.636868686882,2841.422488451004,-1,False,None,,,,,,,1.1157253024637528,1.0596527525957444,0.6289206882129013,
pso,7,404,7156.1,703630.3249999989,7107.37702020201,3179.825287103653,-1,False,None,,,,,,,1.1157253024637528,1.0596527525957444,0.6289206882129013,
pso,7,505,7283.9,702386.3250000005,7094.811363636369,2984.598675251007,-1,False,None,,,,,,,1.1157253024637528,1.0596527525957444,0.6289206882129013,
pso,7,606,7141.95,700054.5749999996,7071.25833333333,3038.946839570999,-1,False,None,,,,,,,1.1157253024637528,1.0596527525957444,0.6289206882129013,
pso,80,101,7322.6,712067.4000000005,7192.600000000005,3498.772045612335,-1,False,None,,,,,,,0.9139346393882458,1.2037666557740363,0.8015156281751157,
pso,80,202,7319.25,719620.8249999993,7268.897222222215,3240.250655889511,-1,False,None,,,,,,,0.9139346393882458,1.2037666557740363,0.8015156281751157,
pso,80,303,7358.25,717748.1500000004,7249.981313131317,3462.121225118637,-1,False,None,,,,,,,0.9139346393882458,1.2037666557740363,0.8015156281751157,
pso,80,404,7297.25,715618.9499999996,7228.474242424239,3518.673058986664,-1,False,None,,,,,,,0.9139346393882458,1.2037666557740363,0.8015156281751157,
pso,80,505,7289.75,713850.8499999996,7210.614646464643,3362.9065878391266,-1,False,None,,,,,,,0.9139346393882458,1.2037666557740363,0.8015156281751157,
pso,80,606,7328.6,709629.5999999999,7167.975757575756,3077.771328687668,-1,False,None,,,,,,,0.9139346393882458,1.2037666557740363,0.8015156281751157,
pso,81,101,7455.1,723989.0999999995,7313.021212121207,3385.7677459716797,-1,False,None,,,,,,,2.0543582793678064,1.4224711759820978,0.9053597832710168,
pso,81,202,7501.25,733596.6750000002,7410.067424242426,3538.8488154411316,-1,False,None,,,,,,,2.0543582793678064,1.4224711759820978,0.9053597832710168,
pso,81,303,7537.15,729052.0999999994,7364.1626262626205,3953.1069774627686,-1,False,None,,,,,,,2.0543582793678064,1.4224711759820978,0.9053597832710168,
pso,81,404,7508.65,730145.2000000007,7375.204040404047,3493.4518628120422,-1,False,None,,,,,,,2.0543582793678064,1.4224711759820978,0.9053597832710168,
pso,81,505,7510.7,728547.6250000001,7359.0669191919205,3371.628295660019,-1,False,None,,,,,,,2.0543582793678064,1.4224711759820978,0.9053597832710168,
pso,81,606,7511.95,723728.0249999986,7310.384090909077,3668.296453475952,-1,False,None,,,,,,,2.0543582793678064,1.4224711759820978,0.9053597832710168,
pso,82,101,7230.8,705952.5500000009,7130.833838383847,3127.32116150856,-1,False,None,,,,,,,2.037378265193422,1.541187644604054,0.40703086445163245,
pso,82,202,7249.45,707937.7249999988,7150.886111111099,3358.2398159503937,-1,False,None,,,,,,,2.037378265193422,1.541187644604054,0.40703086445163245,
pso,82,303,7222.2,710166.8749999988,7173.4027777777665,2763.710180282593,-1,False,None,,,,,,,2.037378265193422,1.541187644604054,0.40703086445163245,
pso,82,404,7178.05,707395.9999999997,7145.414141414138,3085.937754392624,-1,False,None,,,,,,,2.037378265193422,1.541187644604054,0.40703086445163245,
pso,82,505,7269.0,705141.5249999992,7122.641666666658,3170.148036956787,-1,False,None,,,,,,,2.037378265193422,1.541187644604054,0.40703086445163245,
pso,82,606,7196.4,706593.7000000009,7137.31010101011,2764.0371074676514,-1,False,None,,,,,,,2.037378265193422,1.541187644604054,0.40703086445163245,
pso,83,101,7372.85,718989.9750000007,7262.525000000007,3817.006746530533,-1,False,None,,,,,,,0.9763522975744114,2.1691751327161435,0.8660794954659756,
pso,83,202,7433.85,730132.1249999998,7375.071969696967,3904.6885895729065,-1,False,None,,,,,,,0.9763522975744114,2.1691751327161435,0.8660794954659756,
pso,83,303,7499.7,727317.1749999984,7346.638131313115,3850.981101989746,-1,False,None,,,,,,,0.9763522975744114,2.1691751327161435,0.8660794954659756,
pso,83,404,7462.9,728299.7750000005,7356.563383838389,3607.5757489204407,-1,False,None,,,,,,,0.9763522975744114,2.1691751327161435,0.8660794954659756,
pso,83,505,7427.7,724128.4749999997,7314.429040404038,3732.927426338196,-1,False,None,,,,,,,0.9763522975744114,2.1691751327161435,0.8660794954659756,
pso,83,606,7442.1,723849.0999999996,7311.607070707067,3677.9105327129364,-1,False,None,,,,,,,0.9763522975744114,2.1691751327161435,0.8660794954659756,
pso,84,101,7243.65,708770.6250000009,7159.299242424252,2924.406770467758,-1,False,None,,,,,,,1.623252046571913,1.4803004114964229,0.5572991141354896,
pso,84,202,7267.55,711207.0250000007,7183.90934343435,3362.518318414688,-1,False,None,,,,,,,1.623252046571913,1.4803004114964229,0.5572991141354896,
pso,84,303,7275.05,709266.8500000006,7164.311616161622,3191.38609790802,-1,False,None,,,,,,,1.623252046571913,1.4803004114964229,0.5572991141354896,
pso,84,404,7159.35,704276.2499999998,7113.901515151513,3260.525346517563,-1,False,None,,,,,,,1.623252046571913,1.4803004114964229,0.5572991141354896,
pso,84,505,7247.05,705582.4500000007,7127.0954545454615,2873.7823145389557,-1,False,None,,,,,,,1.623252046571913,1.4803004114964229,0.5572991141354896,
pso,84,606,7213.85,704717.4249999995,7118.357828282823,2815.450314760208,-1,False,None,,,,,,,1.623252046571913,1.4803004114964229,0.5572991141354896,
pso,85,101,7285.4,711247.7500000008,7184.320707070715,3115.096326112747,-1,False,None,,,,,,,0.8647615656924663,1.4474583404683392,0.7649536565554249,
pso,85,202,7351.85,719450.5250000005,7267.177020202025,3615.5227732658386,-1,False,None,,,,,,,0.8647615656924663,1.4474583404683392,0.7649536565554249,
pso,85,303,7369.9,715749.7250000009,7229.795202020211,2939.853312253952,-1,False,None,,,,,,,0.8647615656924663,1.4474583404683392,0.7649536565554249,
pso,85,404,7271.55,717239.2000000005,7244.840404040409,3088.864729642868,-1,False,None,,,,,,,0.8647615656924663,1.4474583404683392,0.7649536565554249,
pso,85,505,7272.8,712454.2750000011,7196.507828282839,3149.0672194957733,-1,False,None,,,,,,,0.8647615656924663,1.4474583404683392,0.7649536565554249,
pso,85,606,7290.6,711469.55,7186.561111111111,3206.613381624222,-1,False,None,,,,,,,0.8647615656924663,1.4474583404683392,0.7649536565554249,
pso,86,101,7338.25,717340.1749999993,7245.860353535347,3806.1512830257416,-1,False,None,,,,,,,2.2,1.0675445762230726,0.8212906096340626,
pso,86,202,7410.3,725338.7500000017,7326.654040404058,3759.4097514152527,-1,False,None,,,,,,,2.2,1.0675445762230726,0.8212906096340626,
pso,86,303,7392.5,721512.2249999999,7288.002272727272,3446.2993199825287,-1,False,None,,,,,,,2.2,1.0675445762230726,0.8212906096340626,
pso,86,404,7348.55,722220.1000000016,7295.152525252542,3736.68768453598,-1,False,None,,,,,,,2.2,1.0675445762230726,0.8212906096340626,
pso,86,505,7375.05,719438.8999999999,7267.059595959595,3621.664568901062,-1,False,None,,,,,,,2.2,1.0675445762230726,0.8212906096340626,
pso,86,606,7458.55,713933.9249999991,7211.453787878779,3297.8239686489105,-1,False,None,,,,,,,2.2,1.0675445762230726,0.8212906096340626,
pso,87,101,7378.45,719841.3249999993,7271.124494949488,3894.6922187805176,-1,False,None,,,,,,,2.2,1.0062173134288523,0.8918267528073103,
pso,87,202,7492.25,734245.5750000001,7416.62196969697,3921.5644071102142,-1,False,None,,,,,,,2.2,1.0062173134288523,0.8918267528073103,
pso,87,303,7521.8,727204.1750000007,7345.496717171724,3456.9711589813232,-1,False,None,,,,,,,2.2,1.0062173134288523,0.8918267528073103,
pso,87,404,7442.2,724685.0749999996,7320.051262626259,3494.728912591934,-1,False,None,,,,,,,2.2,1.0062173134288523,0.8918267528073103,
pso,87,505,7481.7,725997.7749999989,7333.310858585847,3368.3864567279816,-1,False,None,,,,,,,2.2,1.0062173134288523,0.8918267528073103,
pso,87,606,7479.05,721879.8250000004,7291.715404040408,3864.5870022773743,-1,False,None,,,,,,,2.2,1.0062173134288523,0.8918267528073103,
pso,88,101,7265.2,714309.6999999989,7215.249494949484,3215.5613996982574,-1,False,None,,,,,,,1.2229783084517736,2.2,0.5110645462667003,
pso,88,202,7235.2,711519.4999999993,7187.065656565649,3245.582439661026,-1,False,None,,,,,,,1.2229783084517736,2.2,0.5110645462667003,
pso,88,303,7228.1,710373.2749999987,7175.487626262614,3184.143656015396,-1,False,None,,,,,,,1.2229783084517736,2.2,0.5110645462667003,
pso,88,404,7188.85,709033.499999999,7161.954545454535,3226.3207533359528,-1,False,None,,,,,,,1.2229783084517736,2.2,0.5110645462667003,
pso,88,505,7254.25,705410.849999999,7125.362121212112,2775.8552525043488,-1,False,None,,,,,,,1.2229783084517736,2.2,0.5110645462667003,
pso,88,606,7211.15,705750.2750000001,7128.790656565658,2969.144303560257,-1,False,None,,,,,,,1.2229783084517736,2.2,0.5110645462667003,
pso,89,101,7305.15,715274.7750000007,7224.997727272735,3037.0304832458496,-1,False,None,,,,,,,0.9867535258835134,1.1492984270170674,0.7917898788868732,
pso,89,202,7321.15,721053.3250000015,7283.366919191934,3318.46656870842,-1,False,None,,,,,,,0.9867535258835134,1.1492984270170674,0.7917898788868732,
pso,89,303,7334.4,715815.025,7230.454797979798,3297.971114397049,-1,False,None,,,,,,,0.9867535258835134,1.1492984270170674,0.7917898788868732,
pso,89,404,7275.15,713193.6500000004,7203.976262626266,3529.979983329773,-1,False,None,,,,,,,0.9867535258835134,1.1492984270170674,0.7917898788868732,
pso,89,505,7292.25,711365.1999999997,7185.507070707068,3350.1781375408173,-1,False,None,,,,,,,0.9867535258835134,1.1492984270170674,0.7917898788868732,
pso,89,606,7307.45,707842.9249999988,7149.928535353523,3557.2875015735626,-1,False,None,,,,,,,0.9867535258835134,1.1492984270170674,0.7917898788868732,
pso,8,101,7309.9,712493.1500000006,7196.900505050511,3221.736598968506,-1,False,None,,,,,,,2.0478148495951216,1.6619810128862689,0.5838427159005384,
pso,8,202,7323.6,718351.0499999997,7256.071212121209,3428.705404520035,-1,False,None,,,,,,,2.0478148495951216,1.6619810128862689,0.5838427159005384,
pso,8,303,7275.1,712346.9249999997,7195.423484848482,2934.9226298332214,-1,False,None,,,,,,,2.0478148495951216,1.6619810128862689,0.5838427159005384,
pso,8,404,7271.05,711290.7000000012,7184.754545454558,2993.150096654892,-1,False,None,,,,,,,2.0478148495951216,1.6619810128862689,0.5838427159005384,
pso,8,505,7283.45,707280.7000000007,7144.249494949501,3246.820258617401,-1,False,None,,,,,,,2.0478148495951216,1.6619810128862689,0.5838427159005384,
pso,8,606,7238.8,708328.5000000012,7154.833333333345,3008.090927839279,-1,False,None,,,,,,,2.0478148495951216,1.6619810128862689,0.5838427159005384,
pso,90,101,7236.35,706354.075000001,7134.889646464657,3278.524272918701,-1,False,None,,,,,,,1.0044769961343718,1.6327247378555922,0.6089495188486848,
pso,90,202,7242.5,712523.5,7197.207070707071,3350.5442802906036,-1,False,None,,,,,,,1.0044769961343718,1.6327247378555922,0.6089495188486848,
pso,90,303,7246.0,709325.0750000002,7164.899747474749,3136.402156829834,-1,False,None,,,,,,,1.0044769961343718,1.6327247378555922,0.6089495188486848,
pso,90,404,7183.1,704079.4249999996,7111.91338383838,2891.015527486801,-1,False,None,,,,,,,1.0044769961343718,1.6327247378555922,0.6089495188486848,
pso,90,505,7264.65,705596.9999999995,7127.2424242424195,2778.586678504944,-1,False,None,,,,,,,1.0044769961343718,1.6327247378555922,0.6089495188486848,
pso,90,606,7220.05,705782.3250000009,7129.114393939403,2852.775393009186,-1,False,None,,,,,,,1.0044769961343718,1.6327247378555922,0.6089495188486848,
pso,91,101,7223.5,705060.1000000003,7121.819191919195,2810.2156631946564,-1,False,None,,,,,,,2.020496362085715,1.3285655509295413,0.41276136602735436,
pso,91,202,7170.2,704859.9499999993,7119.797474747467,2828.355386018753,-1,False,None,,,,,,,2.020496362085715,1.3285655509295413,0.41276136602735436,
pso,91,303,7183.05,706230.1000000007,7133.637373737381,3098.1751074790955,-1,False,None,,,,,,,2.020496362085715,1.3285655509295413,0.41276136602735436,
pso,91,404,7220.3,711275.7750000006,7184.603787878794,2799.990565299988,-1,False,None,,,,,,,2.020496362085715,1.3285655509295413,0.41276136602735436,
pso,91,505,7246.45,705957.0499999998,7130.879292929291,3100.327726840973,-1,False,None,,,,,,,2.020496362085715,1.3285655509295413,0.41276136602735436,
pso,91,606,7181.95,704912.8749999992,7120.3320707070625,2810.91557765007,-1,False,None,,,,,,,2.020496362085715,1.3285655509295413,0.41276136602735436,
pso,92,101,7427.6,721771.2499999999,7290.6186868686855,3956.8723487854004,-1,False,None,,,,,,,2.108860747656899,0.8811461170326673,0.8968255043860345,
pso,92,202,7484.55,735172.225000002,7425.98207070709,3955.9420866966248,-1,False,None,,,,,,,2.108860747656899,0.8811461170326673,0.8968255043860345,
pso,92,303,7491.2,726429.0249999984,7337.666919191903,3908.6282756328583,-1,False,None,,,,,,,2.108860747656899,0.8811461170326673,0.8968255043860345,
pso,92,404,7450.9,724916.2750000001,7322.386616161618,3721.9445226192474,-1,False,None,,,,,,,2.108860747656899,0.8811461170326673,0.8968255043860345,
pso,92,505,7465.3,725664.875000001,7329.948232323243,3816.0030155181885,-1,False,None,,,,,,,2.108860747656899,0.8811461170326673,0.8968255043860345,
pso,92,606,7497.9,724801.8500000015,7321.230808080823,3339.8240830898285,-1,False,None,,,,,,,2.108860747656899,0.8811461170326673,0.8968255043860345,
pso,93,101,7548.25,732861.2749999997,7402.639141414138,4347.383345603943,-1,False,None,,,,,,,0.8903937658943779,1.7526399414198301,0.9664707555764156,
pso,93,202,7699.2,746122.0999999999,7536.586868686867,4036.510787963867,-1,False,None,,,,,,,0.8903937658943779,1.7526399414198301,0.9664707555764156,
pso,93,303,7712.85,741463.4499999993,7489.529797979791,4376.93984413147,-1,False,None,,,,,,,0.8903937658943779,1.7526399414198301,0.9664707555764156,
pso,93,404,7633.2,739389.6250000007,7468.582070707078,4189.538101434708,-1,False,None,,,,,,,0.8903937658943779,1.7526399414198301,0.9664707555764156,
pso,93,505,7577.25,732288.0500000002,7396.848989898992,4008.1171782016754,-1,False,None,,,,,,,0.8903937658943779,1.7526399414198301,0.9664707555764156,
pso,93,606,7651.65,734072.8750000001,7414.8775252525265,3960.5697541236877,-1,False,None,,,,,,,0.8903937658943779,1.7526399414198301,0.9664707555764156,
pso,94,101,7285.3,710326.2500000015,7175.012626262642,3054.319393634796,-1,False,None,,,,,,,1.5324250730620503,0.8,0.725229486429273,
pso,94,202,7316.8,719707.2000000007,7269.769696969704,3442.159161567688,-1,False,None,,,,,,,1.5324250730620503,0.8,0.725229486429273,
pso,94,303,7443.75,716590.7499999998,7238.290404040402,2813.83713889122,-1,False,None,,,,,,,1.5324250730620503,0.8,0.725229486429273,
pso,94,404,7284.7,713319.7749999994,7205.250252525247,3011.6461956501007,-1,False,None,,,,,,,1.5324250730620503,0.8,0.725229486429273,
pso,94,505,7302.75,706413.7000000004,7135.491919191923,2957.2584624290466,-1,False,None,,,,,,,1.5324250730620503,0.8,0.725229486429273,
pso,94,606,7287.45,709873.325,7170.437626262626,2904.3170540332794,-1,False,None,,,,,,,1.5324250730620503,0.8,0.725229486429273,
pso,95,101,7345.95,715287.1250000005,7225.12247474748,3264.7915585041046,-1,False,None,,,,,,,1.442324718924324,1.9665100147203158,0.8459679495273018,
pso,95,202,7453.5,730447.5499999992,7378.258080808073,3376.993880748749,-1,False,None,,,,,,,1.442324718924324,1.9665100147203158,0.8459679495273018,
pso,95,303,7406.0,723619.1250000002,7309.284090909093,3708.8732447624207,-1,False,None,,,,,,,1.442324718924324,1.9665100147203158,0.8459679495273018,
pso,95,404,7425.25,726444.0499999997,7337.8186868686835,3772.1308341026306,-1,False,None,,,,,,,1.442324718924324,1.9665100147203158,0.8459679495273018,
pso,95,505,7387.1,724460.4249999991,7317.782070707061,3713.8452293872833,-1,False,None,,,,,,,1.442324718924324,1.9665100147203158,0.8459679495273018,
pso,95,606,7407.4,721761.5999999997,7290.52121212121,3807.332837343216,-1,False,None,,,,,,,1.442324718924324,1.9665100147203158,0.8459679495273018,
pso,96,101,7211.3,700165.8499999996,7072.382323232319,3080.65975856781,-1,False,None,,,,,,,1.3794381284856188,1.0262281931730837,0.4252602774282314,
pso,96,202,7225.05,705174.9750000016,7122.979545454562,2867.4995443820953,-1,False,None,,,,,,,1.3794381284856188,1.0262281931730837,0.4252602774282314,
pso,96,303,7204.4,705198.9749999999,7123.221969696969,2948.0865783691406,-1,False,None,,,,,,,1.3794381284856188,1.0262281931730837,0.4252602774282314,
pso,96,404,7135.2,699729.5749999989,7067.975505050494,2899.2779779434204,-1,False,None,,,,,,,1.3794381284856188,1.0262281931730837,0.4252602774282314,
pso,96,505,7241.95,701336.9500000011,7084.211616161628,3156.915909767151,-1,False,None,,,,,,,1.3794381284856188,1.0262281931730837,0.4252602774282314,
pso,96,606,7106.45,698081.5249999992,7051.3285353535275,2908.787511110306,-1,False,None,,,,,,,1.3794381284856188,1.0262281931730837,0.4252602774282314,
pso,97,101,7261.85,708828.0249999993,7159.879040404034,2870.113847732544,-1,False,None,,,,,,,2.2,0.854251173059401,0.6195893330493483,
pso,97,202,7324.55,714639.1750000018,7218.577525252544,3012.494419336319,-1,False,None,,,,,,,2.2,0.854251173059401,0.6195893330493483,
pso,97,303,7286.75,711357.7500000003,7185.431818181822,2825.832423686981,-1,False,None,,,,,,,2.2,0.854251173059401,0.6195893330493483,
pso,97,404,7210.65,707205.4500000014,7143.489393939408,3397.293880224228,-1,False,None,,,,,,,2.2,0.854251173059401,0.6195893330493483,
pso,97,505,7266.3,704477.5250000007,7115.934595959603,3301.43190407753,-1,False,None,,,,,,,2.2,0.854251173059401,0.6195893330493483,
pso,97,606,7217.5,705028.3500000001,7121.4984848484855,3255.336428165436,-1,False,None,,,,,,,2.2,0.854251173059401,0.6195893330493483,
pso,98,101,7235.6,704873.0999999997,7119.930303030301,2780.3248674869537,-1,False,None,,,,,,,1.5592708297559037,0.8,0.5684553981925328,
pso,98,202,7221.2,709901.8999999992,7170.7262626262545,2896.57830619812,-1,False,None,,,,,,,1.5592708297559037,0.8,0.5684553981925328,
pso,98,303,7238.5,706963.5250000001,7141.045707070709,2898.868008375168,-1,False,None,,,,,,,1.5592708297559037,0.8,0.5684553981925328,
pso,98,404,7146.1,702363.7749999993,7094.583585858579,3096.812429666519,-1,False,None,,,,,,,1.5592708297559037,0.8,0.5684553981925328,
pso,98,505,7190.4,700962.2250000004,7080.426515151519,2898.4527564048767,-1,False,None,,,,,,,1.5592708297559037,0.8,0.5684553981925328,
pso,98,606,7139.85,699555.8750000001,7066.220959595961,2762.059513568878,-1,False,None,,,,,,,1.5592708297559037,0.8,0.5684553981925328,
pso,99,101,7215.75,703350.474999999,7104.550252525243,2915.6064925193787,-1,False,None,,,,,,,0.8277464344275344,2.1869516967157443,0.4562806252657395,
pso,99,202,7219.7,709571.1499999996,7167.385353535349,2896.5932245254517,-1,False,None,,,,,,,0.8277464344275344,2.1869516967157443,0.4562806252657395,
pso,99,303,7221.7,705358.7250000011,7124.8356060606175,2866.530715227127,-1,False,None,,,,,,,0.8277464344275344,2.1869516967157443,0.4562806252657395,
pso,99,404,7154.05,703452.4000000007,7105.579797979805,2746.975909948349,-1,False,None,,,,,,,0.8277464344275344,2.1869516967157443,0.4562806252657395,
pso,99,505,7228.8,704510.7250000008,7116.2699494949575,2904.3805878162384,-1,False,None,,,,,,,0.8277464344275344,2.1869516967157443,0.4562806252657395,
pso,99,606,7151.45,702753.124999999,7098.516414141403,2724.5848422050476,-1,False,None,,,,,,,0.8277464344275344,2.1869516967157443,0.4562806252657395,
pso,9,101,7218.4,704281.6000000011,7113.955555555567,2916.3083531856537,-1,False,None,,,,,,,1.7169866154188016,1.2497576276489437,0.5013813182481457,
pso,9,202,7204.85,706827.9249999998,7139.676010101009,3217.229329586029,-1,False,None,,,,,,,1.7169866154188016,1.2497576276489437,0.5013813182481457,
pso,9,303,7254.05,706084.4500000018,7132.16616161618,3161.082403421402,-1,False,None,,,,,,,1.7169866154188016,1.2497576276489437,0.5013813182481457,
pso,9,404,7170.85,704987.6999999995,7121.087878787874,2910.71129655838,-1,False,None,,,,,,,1.7169866154188016,1.2497576276489437,0.5013813182481457,
pso,9,505,7297.05,705038.3,7121.59898989899,2815.352289199829,-1,False,None,,,,,,,1.7169866154188016,1.2497576276489437,0.5013813182481457,
pso,9,606,7166.8,703912.6500000007,7110.228787878795,3165.513256788254,-1,False,None,,,,,,,1.7169866154188016,1.2497576276489437,0.5013813182481457,
